Trait	AB1	BRC20067	CB4851	CB4852	CB4853	CB4854	CB4855	CB4856	CB4857	CB4858	CB4932	CX11254	CX11262	CX11264	CX11271	CX11276	CX11285	CX11292	CX11307	CX11314	CX11315	DL200	DL226	DL238	ECA252	ECA36	ED3005	ED3011	ED3012	ED3017	ED3040	ED3046	ED3048	ED3049	ED3052	ED3073	ED3077	EG4347	EG4349	EG4724	EG4725	EG4946	GXW1	JT11398	JU1088	JU1172	JU1200	JU1212	JU1213	JU1242	JU1246	JU1395	JU1400	JU1409	JU1440	JU1491	JU1530	JU1568	JU1580	JU1581	JU1586	JU1652	JU1896	JU2001	JU2007	JU2316	JU2464	JU2466	JU2513	JU2519	JU2522	JU2526	JU258	JU310	JU311	JU323	JU346	JU360	JU367	JU393	JU394	JU397	JU406	JU440	JU561	JU642	JU751	JU774	JU775	JU778	JU782	JU792	JU830	JU847	KR314	LKC34	LSJ1	MY10	MY16	MY18	MY1	MY23	N2	NIC166	NIC195	NIC199	NIC1	NIC207	NIC231	NIC236	NIC242	NIC251	NIC252	NIC255	NIC256	NIC258	NIC259	NIC260	NIC261	NIC262	NIC265	NIC266	NIC267	NIC268	NIC269	NIC271	NIC272	NIC274	NIC275	NIC276	NIC277	NIC2	NIC3	PB303	PB306	PS2025	PX179	QG2075	QG536	QG556	QG557	QW947	QX1211	QX1212	QX1233	QX1791	QX1792	QX1793	QX1794	RC301	WN2001	WN2002
CELE1(ins)	0	0	0	0	0	0	0	0	0	0	0	0	0	0	1	0	0	0	0	0	0	0	0	0	0	0	0	NA	0	0	0	0	0	0	0	0	0	0	0	0	0	0	0	0	0	0	0	0	0	0	0	0	0	0	0	0	0	0	0	0	0	0	0	0	0	NA	0	0	0	0	0	0	0	0	0	0	0	0	0	0	0	0	0	0	0	0	0	0	0	0	0	0	0	0	0	0	0	0	1	0	0	0	0	0	0	0	0	0	0	0	0	0	0	0	0	0	0	0	0	0	0	0	0	0	0	0	0	0	0	0	0	0	0	0	0	0	0	0	0	0	0	0	1	1	0	0	0	0	0	1	0	0
CELE14A(ins)	0	0	0	0	0	0	0	0	0	0	0	0	0	0	0	0	0	0	0	0	0	0	0	NA	0	NA	0	0	0	0	0	0	0	0	0	0	0	0	0	0	0	0	0	0	0	NA	0	0	0	0	0	0	0	0	0	0	0	0	1	0	0	0	0	0	0	0	0	0	0	0	0	0	0	0	0	0	0	0	0	0	0	0	0	0	0	0	0	0	0	0	0	0	0	0	0	0	0	0	0	0	0	0	0	0	0	0	0	0	0	0	0	0	0	0	0	0	0	0	0	0	0	0	0	0	0	0	0	0	0	0	0	0	0	0	0	0	0	0	0	0	0	0	0	0	0	0	0	0	0	0	0	0
CELE14B(ins)	0	0	0	0	0	0	0	1	0	0	0	0	0	0	0	0	0	0	0	0	0	0	0	1	0	0	0	0	0	1	0	1	0	1	0	0	1	0	0	0	0	0	0	0	0	0	0	0	0	0	1	0	0	0	0	0	0	0	1	0	0	0	0	0	0	0	0	0	0	0	0	0	1	0	0	0	0	0	0	0	0	0	0	0	0	0	0	0	1	0	0	0	0	0	0	0	0	1	0	0	0	0	0	0	0	0	0	0	0	0	0	0	0	0	0	0	0	0	0	0	0	0	0	0	0	0	0	0	0	0	0	0	0	0	0	0	0	0	0	0	0	0	0	0	0	1	0	0	0	0	1	0
CELE42(ins)	1	0	0	1	0	2	0	1	0	0	0	0	NA	0	1	0	0	0	0	0	0	0	0	0	0	NA	0	NA	0	0	0	0	0	0	0	0	0	0	0	0	0	0	0	0	0	0	0	0	0	0	0	NA	0	0	0	0	0	0	0	0	0	NA	0	1	0	NA	0	0	0	NA	0	0	0	0	0	0	0	0	0	0	1	0	0	0	0	0	0	0	0	NA	0	NA	0	NA	0	0	0	0	1	0	0	NA	0	NA	0	0	0	NA	0	0	0	0	NA	NA	0	0	NA	0	0	NA	0	0	0	0	0	NA	0	0	NA	NA	NA	0	0	0	0	0	0	0	0	0	NA	0	2	0	0	0	0	0	0	0	0	0
CELE45(ins)	2	1	0	1	3	0	2	3	2	2	3	3	NA	2	2	2	2	0	1	2	2	1	2	8	0	NA	1	1	0	1	0	1	1	1	0	1	1	2	NA	2	1	2	1	1	0	2	0	1	1	1	0	NA	0	1	2	1	1	0	2	2	1	1	3	3	3	NA	2	0	1	NA	1	1	2	1	2	0	1	4	0	NA	0	1	0	0	0	1	1	1	2	2	2	1	2	1	0	2	0	2	3	2	0	5	0	NA	3	NA	1	1	1	1	1	NA	NA	1	1	NA	NA	NA	1	NA	NA	NA	0	0	1	NA	1	0	0	0	1	0	3	1	3	2	1	1	1	2	2	2	6	1	3	NA	4	3	3	1	1	NA
CELE46B(ins)	0	0	0	0	0	0	0	1	0	0	0	0	0	0	0	0	0	0	NA	0	0	0	0	0	0	NA	0	0	0	0	0	0	0	0	0	0	0	0	0	0	0	0	0	0	0	0	0	0	0	0	0	0	0	0	0	0	0	0	0	0	0	0	0	0	0	NA	0	0	0	0	0	0	0	0	0	0	0	0	0	0	0	0	0	0	0	0	0	0	0	0	0	0	0	0	0	0	0	0	1	0	0	0	0	NA	0	0	0	0	0	0	0	0	NA	0	NA	NA	0	NA	NA	NA	0	0	0	0	0	NA	0	0	NA	NA	0	0	0	0	0	0	0	0	0	0	0	0	0	0	0	0	1	0	0	0	0	0
CELETC2(ins)	0	0	0	0	0	0	0	0	0	0	0	0	0	0	0	0	0	0	0	0	0	0	0	0	0	0	0	0	0	0	0	0	0	0	0	0	0	0	0	0	0	0	0	0	2	0	0	0	0	0	0	0	0	0	0	0	0	0	0	0	0	0	0	0	0	0	0	0	0	0	0	0	0	0	0	0	0	0	0	0	0	0	NA	0	0	0	0	0	0	0	0	0	0	0	0	0	0	0	0	1	0	0	0	0	0	0	0	0	0	0	0	0	0	0	0	0	0	0	0	0	0	0	0	0	0	0	0	0	0	0	NA	0	0	0	0	0	0	0	0	0	0	0	2	0	0	0	0	0	0	0	0	0
CEMUDR1(ins)	0	0	1	0	0	0	0	1	2	0	0	0	0	0	0	0	0	0	0	0	0	0	0	0	1	1	0	0	0	0	0	0	0	0	0	0	0	0	0	0	0	0	0	0	0	0	0	0	0	0	0	0	0	0	0	1	0	0	0	0	0	1	1	0	0	0	0	0	0	0	0	1	1	0	0	0	0	0	0	0	0	0	0	0	0	0	0	0	0	0	0	0	0	0	0	0	0	1	0	0	0	1	0	0	0	0	0	0	0	0	0	0	0	0	0	0	1	0	1	1	1	0	0	0	0	0	0	0	0	0	0	0	0	0	0	0	0	0	0	0	0	1	0	0	0	0	0	3	1	0	0	0
CEMUDR2(ins)	0	0	0	0	0	0	0	0	0	0	0	0	0	0	0	0	0	0	0	0	0	0	0	0	0	0	0	0	0	0	0	0	0	0	0	0	0	0	0	0	0	0	0	0	0	0	0	0	0	0	0	0	0	0	0	0	0	0	0	0	0	0	0	0	0	NA	0	0	0	0	0	1	0	0	0	0	0	0	0	0	0	0	0	0	0	0	0	0	0	0	0	0	0	0	0	0	0	0	0	0	0	0	0	0	0	0	0	0	0	0	0	0	0	0	0	0	0	0	0	0	0	0	0	0	0	0	0	0	0	0	0	0	0	0	0	0	0	0	0	0	0	0	0	1	0	0	0	0	0	0	0	0
CER10-I(ins)	0	0	0	0	0	0	0	0	0	0	0	0	0	0	0	0	0	0	0	0	0	1	0	0	0	0	0	0	0	0	0	0	0	0	0	0	0	0	0	0	0	0	0	0	0	0	0	0	0	0	0	0	0	0	0	0	0	0	0	0	0	0	0	0	0	0	0	0	0	0	0	0	0	0	0	0	0	0	0	0	0	0	0	0	0	0	0	0	0	0	0	0	0	0	0	0	0	0	0	0	0	0	0	0	0	0	0	0	0	0	0	0	0	0	0	0	0	0	0	0	0	0	0	0	0	0	0	0	0	0	0	0	0	0	0	0	0	0	0	0	0	0	0	0	0	0	0	0	0	0	0	0
CER11-I(ins)	0	0	0	0	0	0	0	0	0	0	0	0	0	0	0	0	0	0	0	0	0	0	0	0	0	0	0	0	0	0	0	0	0	0	0	0	0	0	0	0	0	0	0	0	0	0	0	0	0	0	0	0	0	0	0	0	0	0	0	0	0	0	0	0	0	0	0	0	0	0	0	0	0	0	0	0	0	0	0	0	0	0	0	0	0	0	0	0	0	0	0	0	0	0	0	0	0	0	0	0	0	0	0	0	0	0	0	0	0	0	0	0	0	0	0	0	0	0	0	0	0	0	0	0	0	0	0	0	0	0	0	0	0	0	0	0	0	0	0	0	0	0	1	0	0	0	0	0	0	0	0	0
CER13-I(ins)	0	0	0	0	0	0	0	NA	0	0	0	0	0	0	0	0	0	0	0	0	0	0	0	0	0	0	0	0	0	0	0	0	0	0	0	0	0	0	0	0	0	0	0	0	0	0	0	0	0	0	0	0	0	0	0	0	0	0	0	0	0	0	0	0	0	0	0	0	0	0	0	0	0	0	0	0	0	0	0	0	0	0	0	0	0	0	0	0	0	0	0	0	0	0	0	0	0	0	0	0	0	0	0	0	0	0	0	0	0	0	0	0	0	0	0	0	0	0	0	0	0	0	0	0	0	0	0	0	0	0	0	0	0	0	0	0	0	0	0	0	0	0	1	0	0	0	0	0	0	0	0	0
CER15-1-LTR(ins)	0	0	0	0	0	0	0	0	0	0	0	0	0	0	0	0	0	0	0	0	0	0	0	0	0	NA	0	0	0	0	0	0	0	0	0	0	0	0	0	0	0	0	0	0	0	0	0	0	0	0	0	0	0	0	0	0	0	0	0	0	0	0	0	0	0	0	0	0	0	0	0	0	0	0	0	0	0	0	0	0	0	0	NA	0	0	0	0	0	0	0	0	NA	0	0	0	0	0	0	0	0	1	0	0	0	0	0	0	0	0	0	NA	0	NA	NA	0	NA	NA	0	0	0	NA	NA	0	0	0	0	0	0	NA	0	NA	0	0	0	0	0	0	0	0	0	0	0	0	0	0	0	0	0	0	0	0	0
CER16-2-I(ins)	0	0	0	0	0	0	0	0	0	0	0	0	0	0	0	0	0	0	0	0	0	0	0	0	0	0	0	0	0	0	0	0	0	0	0	0	0	0	0	0	0	0	0	0	0	0	0	0	0	0	0	0	0	0	0	0	0	0	0	0	0	0	0	0	0	0	0	0	0	0	0	0	0	0	0	0	0	0	0	0	0	0	0	0	0	0	0	0	0	0	0	0	0	0	0	0	0	0	1	0	0	0	0	0	0	0	0	0	0	0	0	0	0	0	0	0	0	0	0	0	0	0	0	0	0	0	0	0	0	0	0	0	0	0	0	0	0	0	0	0	0	0	0	0	0	0	0	0	0	0	0	0
CER16-2-LTR(ins)	0	0	0	0	1	0	0	1	0	1	0	0	0	1	1	0	0	1	0	0	0	0	0	1	0	0	0	0	0	1	1	0	0	0	0	0	1	1	1	1	0	1	0	0	1	0	1	0	0	0	0	0	0	0	0	1	1	0	1	0	1	0	0	1	1	0	0	0	0	0	0	0	0	1	1	0	0	1	0	0	0	0	0	1	0	1	0	1	0	0	1	0	0	0	0	0	0	0	1	1	1	0	0	0	0	1	0	0	0	0	0	0	0	0	0	0	0	0	0	0	0	0	0	0	0	0	0	0	0	0	0	1	1	0	0	0	1	0	1	0	0	0	1	1	0	1	1	1	0	0	1	0
CER16-I(ins)	1	0	1	0	0	0	0	1	0	0	1	0	0	0	0	0	1	0	0	0	0	0	0	0	1	1	0	0	0	0	0	0	0	0	1	0	0	0	0	0	1	0	0	0	0	0	0	0	0	1	0	0	1	0	0	1	0	0	1	1	1	0	0	0	0	0	0	0	0	0	0	0	0	0	0	0	0	0	0	0	1	0	1	1	0	0	0	1	0	1	1	1	0	1	0	0	0	0	0	0	0	0	0	0	1	0	0	0	0	1	1	1	1	0	0	0	0	0	0	0	0	1	0	0	1	0	1	0	0	0	0	0	0	0	NA	1	0	0	0	0	0	0	NA	0	0	1	1	0	0	0	0	0
CER16-LTR(ins)	0	0	0	0	0	0	0	0	0	0	0	0	0	0	0	0	0	0	0	0	0	0	0	0	0	0	0	0	0	0	0	0	0	0	0	0	0	0	0	0	0	0	0	0	0	0	0	0	0	0	0	0	0	0	0	0	0	0	0	0	0	0	0	0	0	0	0	0	0	0	0	0	0	0	0	0	0	0	0	0	0	0	0	0	0	0	0	0	0	0	0	0	0	0	0	0	0	0	1	0	0	0	0	0	0	0	0	0	0	0	0	0	0	0	0	0	0	0	0	0	0	0	0	0	0	0	0	0	0	NA	0	0	0	0	0	0	0	0	0	0	0	0	0	0	0	0	0	0	0	0	0	0
CER2-I(ins)	0	1	0	0	1	1	1	1	1	1	1	1	1	1	1	1	1	1	1	1	1	1	0	1	0	1	1	1	0	1	1	1	1	1	1	1	1	0	1	1	1	1	1	1	1	1	0	0	1	1	1	0	1	1	1	1	1	0	1	1	0	1	0	1	1	1	1	1	1	1	1	1	1	1	0	1	1	1	0	1	0	1	0	0	1	1	1	1	1	1	1	1	1	1	1	1	0	1	1	1	1	1	0	1	1	1	1	1	1	1	1	1	1	1	1	1	1	1	1	1	1	0	1	1	1	1	1	1	1	1	1	0	1	1	1	1	0	0	1	1	1	1	1	1	1	1	1	1	1	1	1	1
CER2-LTR(ins)	0	0	0	0	0	0	0	0	0	0	0	0	0	0	0	0	0	1	0	0	0	0	0	0	0	0	0	0	0	0	0	0	0	0	0	0	0	0	0	0	0	0	0	0	0	0	0	0	0	0	0	0	0	0	0	0	0	0	0	0	0	0	0	0	0	0	0	0	0	0	0	0	0	0	0	0	0	0	0	0	0	0	0	0	0	0	0	0	0	0	0	0	0	0	0	0	0	0	0	0	0	0	0	0	0	0	0	0	0	0	0	0	0	0	0	0	0	0	0	0	0	0	0	0	0	0	0	0	0	0	0	0	0	0	0	0	0	0	0	0	0	0	0	0	0	0	0	0	0	0	0	0
CER3-1-LTR(ins)	0	0	0	0	0	0	0	0	0	0	0	0	0	0	1	0	0	0	0	0	0	0	0	0	0	0	0	0	0	0	0	0	0	0	0	0	0	0	0	0	0	0	0	0	0	0	0	0	0	0	0	0	0	0	0	0	0	0	0	0	0	0	0	0	0	0	0	0	0	0	0	0	0	1	0	0	0	1	0	0	0	0	0	0	0	0	0	0	0	0	0	0	0	0	0	0	0	0	0	0	0	0	0	0	0	0	0	0	0	0	0	0	0	0	0	0	0	0	0	0	0	0	0	0	0	0	0	0	0	0	0	0	0	0	0	0	0	0	0	0	0	0	0	0	0	0	0	0	0	0	0	0
CER3-I(ins)	0	0	0	0	0	0	0	0	0	0	0	0	0	0	0	0	0	0	0	0	0	0	0	0	0	0	0	0	0	0	0	0	0	0	0	0	0	0	0	0	0	0	0	0	0	0	0	0	NA	0	0	0	0	0	0	0	0	0	0	0	0	0	0	0	0	0	0	0	0	0	0	0	0	0	0	0	0	0	0	0	0	0	0	0	0	0	0	0	0	0	0	0	0	0	0	0	0	0	0	0	0	0	0	0	0	0	0	0	0	0	0	0	0	0	0	0	0	0	0	0	0	0	0	0	0	0	0	0	0	0	0	0	0	0	0	0	0	0	0	0	0	0	1	0	0	0	0	0	0	0	0	0
CER3-LTR(ins)	0	0	0	0	0	0	0	0	0	0	0	0	0	0	0	0	0	0	0	0	0	0	0	0	0	0	0	0	0	0	0	0	0	0	0	0	0	0	0	0	0	0	0	0	0	0	0	0	0	0	0	0	0	0	0	0	0	0	0	0	0	0	0	0	0	0	0	0	0	0	0	0	0	0	0	0	0	0	0	0	0	0	0	0	0	0	0	0	0	0	0	0	0	0	0	0	0	0	1	0	0	0	0	0	0	0	0	0	0	0	0	0	0	0	0	0	0	0	0	0	0	0	0	0	0	0	0	0	0	0	0	0	0	0	0	0	0	0	0	0	0	0	0	0	0	0	0	0	0	0	0	0
CER7-I(ins)	0	0	0	0	0	0	0	0	0	0	0	0	0	0	0	0	0	0	0	0	0	0	0	NA	0	0	0	0	0	0	NA	0	0	0	0	0	0	0	0	0	0	0	0	0	0	0	0	0	0	0	0	0	0	0	0	0	0	0	0	0	0	0	0	0	0	0	0	0	0	0	0	0	0	0	0	0	0	0	0	0	0	0	0	0	0	0	0	0	0	0	0	0	0	0	0	0	0	0	0	0	0	NA	0	0	0	0	0	0	0	0	0	0	0	0	0	0	0	0	0	0	0	0	0	0	0	0	0	0	0	0	0	0	0	0	0	0	0	0	0	0	0	0	0	0	0	NA	0	NA	NA	0	1	0
CER8-I(ins)	1	0	0	1	1	0	0	0	0	1	0	0	0	1	0	0	0	1	0	0	0	0	0	0	0	0	0	0	1	0	0	1	0	0	0	0	0	1	0	0	0	1	0	0	1	0	0	0	0	0	0	0	1	0	1	NA	1	0	0	1	0	0	1	0	0	0	0	0	0	0	0	0	0	0	0	0	1	2	0	NA	0	0	0	0	0	0	1	0	1	0	1	0	0	0	0	0	0	0	1	2	1	1	0	0	0	0	0	0	0	0	0	0	0	0	0	0	0	0	0	0	0	0	0	0	0	0	0	0	0	0	0	0	1	0	0	0	1	0	0	0	0	0	1	2	0	NA	1	1	0	0	0	0
CER8-LTR(ins)	0	1	0	0	0	0	0	0	0	0	0	0	0	0	0	0	0	0	0	0	0	0	0	0	0	0	0	0	0	0	0	0	0	0	0	0	0	0	0	0	0	0	0	0	0	0	0	0	0	0	0	NA	0	0	0	0	0	0	NA	0	0	0	0	0	0	0	0	0	1	0	0	0	0	0	0	1	0	0	0	NA	0	0	0	0	0	1	0	0	0	0	0	0	0	0	0	0	0	0	0	1	0	0	0	0	0	0	0	0	0	0	0	0	0	0	0	0	0	0	0	0	0	0	0	0	0	0	0	NA	0	0	NA	0	0	0	0	0	1	NA	0	0	0	1	0	0	0	0	0	0	0	0	0	0
CER9-I(ins)	0	0	0	0	0	0	0	0	0	0	0	0	0	0	0	0	0	0	0	0	0	0	0	0	0	0	0	0	0	0	0	0	0	0	0	0	0	0	0	0	0	0	0	0	0	0	0	0	0	0	0	0	0	0	0	0	0	0	0	0	0	0	0	0	0	0	0	0	0	0	0	0	0	0	0	0	0	0	0	0	0	0	0	0	0	0	0	0	0	0	0	0	0	0	0	0	0	0	0	0	0	0	0	0	0	0	0	0	0	0	0	0	0	0	0	0	0	0	0	0	0	0	0	0	0	0	0	0	0	0	0	0	0	0	0	0	0	0	0	0	0	0	1	0	0	0	0	0	0	0	0	0
CEREP1A(ins)	0	0	0	0	0	0	0	0	0	0	1	0	0	0	0	0	1	0	0	0	0	0	0	0	0	NA	0	0	0	0	1	0	0	0	0	0	0	0	0	0	1	0	0	0	0	0	0	0	0	0	0	0	0	0	0	0	0	0	0	0	0	0	0	1	0	0	0	0	0	NA	0	NA	0	0	1	0	0	0	0	0	0	0	0	1	0	0	0	0	1	1	1	NA	0	NA	0	0	0	0	0	0	0	0	0	0	1	0	0	0	0	0	0	NA	0	0	1	NA	NA	0	NA	NA	NA	1	0	0	0	NA	0	1	NA	0	0	0	0	0	0	0	0	0	0	1	0	NA	2	0	0	1	0	0	0	0	0	0
Chapaev-1(ins)	2	0	0	0	1	0	1	0	1	1	1	3	2	3	0	0	1	1	3	1	0	2	3	0	0	1	0	0	0	0	2	1	0	1	0	2	1	0	2	1	0	0	1	0	0	1	0	0	0	0	1	NA	0	0	0	0	0	1	1	1	0	1	2	2	1	0	0	0	1	0	0	0	0	0	1	0	0	0	0	0	0	0	1	1	0	0	0	0	0	0	0	NA	1	1	1	0	0	1	1	0	2	2	0	NA	1	0	0	2	0	0	0	1	1	0	0	0	0	0	0	0	0	0	0	1	0	0	0	0	0	NA	0	0	0	0	2	4	0	0	0	2	3	0	5	3	2	2	3	2	4	2	0	0
Chapaev-2(ins)	0	0	0	0	0	0	0	0	0	0	0	0	0	0	0	0	0	0	0	0	0	0	0	0	0	0	0	0	0	0	0	0	0	0	0	0	0	0	0	0	0	0	0	0	0	0	0	NA	0	0	0	0	0	0	0	0	0	0	0	0	0	0	0	0	0	0	0	0	0	0	0	0	0	0	0	0	0	0	0	0	0	0	0	0	0	0	0	0	0	0	0	NA	0	0	0	0	0	0	0	0	0	0	0	NA	0	0	0	0	0	0	0	0	0	0	0	0	0	0	0	0	0	0	0	0	0	0	0	0	NA	0	0	0	0	0	0	0	0	0	1	0	0	0	0	0	0	0	0	0	0	0	0	0
DNA-3-1(ins)	0	0	0	0	0	0	0	NA	0	0	NA	0	0	0	0	0	0	0	NA	0	0	0	0	NA	0	NA	0	0	NA	0	0	0	0	1	0	0	0	0	0	0	0	0	0	0	0	0	0	0	0	0	0	0	0	0	0	0	0	0	1	1	0	0	0	0	0	0	0	0	0	0	0	0	0	0	0	0	0	0	0	0	0	0	0	0	0	0	0	NA	0	0	0	0	0	NA	0	0	0	0	1	0	0	0	0	0	0	0	0	0	0	0	0	NA	0	0	0	0	0	0	0	0	0	0	0	0	0	0	0	0	0	NA	0	0	NA	0	0	0	0	0	0	0	0	0	1	0	0	NA	0	NA	0	0	0	0
DNA-8-1(ins)	0	0	0	0	0	0	0	0	0	0	0	0	0	0	0	0	0	0	0	0	0	0	0	0	0	0	0	0	0	0	0	0	0	0	0	0	0	0	0	0	0	0	0	0	0	0	0	0	0	0	0	0	0	0	0	0	0	0	0	0	0	0	0	0	0	0	0	0	0	0	0	0	0	0	0	0	0	0	0	0	0	0	0	0	0	0	0	0	0	0	0	0	0	0	0	0	0	0	0	1	0	0	0	0	0	0	0	0	0	0	0	0	0	0	0	0	0	0	0	0	0	1	0	0	0	0	0	0	0	0	0	0	0	0	0	0	0	0	0	0	0	0	0	0	0	0	0	0	0	0	0	0
HAT1(ins)	2	0	0	0	1	0	2	2	0	0	1	1	0	2	1	0	0	0	0	1	1	0	1	1	0	0	0	0	0	2	2	2	0	3	1	1	1	0	2	0	2	0	2	0	2	0	1	0	0	0	0	0	0	0	0	3	2	0	0	2	0	1	0	1	2	NA	0	0	0	0	0	0	1	0	2	1	0	0	0	0	0	0	0	1	0	1	0	1	0	0	3	NA	0	0	0	1	0	0	0	1	2	0	0	NA	2	0	1	NA	0	0	0	0	0	1	0	0	0	0	0	0	0	0	0	0	1	1	0	0	0	0	0	0	2	1	0	3	2	0	2	1	0	0	9	0	1	2	1	1	1	2	0	0
HAT2(ins)	0	0	0	0	0	0	0	0	0	0	0	0	0	0	1	0	0	0	1	0	0	0	0	0	0	NA	0	NA	0	0	0	0	0	0	0	0	0	0	1	0	0	0	0	0	0	0	0	NA	0	0	0	0	0	0	0	1	1	0	0	3	1	0	0	0	0	0	0	0	NA	0	1	0	0	0	2	0	0	0	0	0	1	0	0	0	0	1	0	0	0	0	1	NA	0	0	0	0	0	0	1	0	0	0	0	NA	0	0	0	0	0	0	0	0	NA	0	0	NA	0	0	0	0	NA	0	0	0	0	NA	0	NA	0	0	0	0	0	0	0	0	1	NA	0	0	NA	0	5	0	0	0	0	0	0	0	0	0
HAT3(ins)	0	0	0	0	0	0	0	0	0	0	0	0	0	0	0	0	0	0	0	0	0	0	NA	0	0	NA	0	0	0	0	0	0	0	0	0	0	0	0	0	0	0	0	0	0	0	0	0	0	0	0	0	0	0	0	0	0	0	0	0	0	0	0	0	0	0	0	0	0	0	0	0	0	0	0	0	0	0	0	0	0	0	0	0	0	0	0	0	0	0	0	0	0	0	0	0	0	0	0	NA	0	0	NA	0	0	NA	0	0	0	0	NA	0	0	0	0	0	0	0	0	0	0	0	0	0	0	0	0	0	0	0	0	0	0	0	0	0	0	1	0	0	0	0	0	NA	0	0	NA	0	NA	0	0	0	0
HAT4(ins)	0	0	0	0	0	0	0	NA	0	0	0	0	0	1	0	0	0	0	0	0	NA	0	0	0	0	NA	0	0	0	0	0	0	0	0	0	0	0	0	0	0	0	0	0	0	0	0	0	NA	0	0	NA	NA	0	0	0	0	0	0	1	1	0	0	0	0	0	0	0	0	0	0	0	0	0	0	0	0	0	0	0	0	0	0	0	0	0	0	0	0	0	0	0	0	0	0	0	0	0	0	0	0	0	0	0	NA	0	NA	0	0	0	0	0	0	NA	0	0	0	0	0	0	0	0	0	0	0	NA	0	NA	0	0	NA	0	0	0	0	0	0	0	0	0	0	NA	0	1	0	0	1	0	0	0	0	0	0
HELITRON1(ins)	0	NA	0	0	1	0	0	0	1	0	1	0	0	0	0	0	0	0	1	0	0	0	0	3	0	3	0	NA	0	1	0	0	3	0	0	1	1	0	1	2	0	0	1	0	2	0	0	0	0	1	0	0	0	2	0	1	0	0	0	0	1	0	0	2	1	0	0	1	1	0	0	0	0	0	0	0	0	0	0	0	0	0	0	1	1	1	0	0	0	1	1	0	0	0	0	0	0	1	0	0	0	0	0	1	1	0	1	0	1	0	0	0	0	0	1	0	0	1	0	0	0	0	0	1	1	0	1	0	0	0	1	1	1	1	1	0	1	0	1	0	0	0	0	0	0	1	1	0	0	1	2	0
HELITRON2(ins)	1	NA	0	1	1	0	1	1	0	1	1	0	1	1	1	0	1	1	0	0	1	1	0	1	0	1	0	0	0	0	1	1	0	1	0	1	1	1	1	1	1	1	1	1	1	0	0	NA	1	0	NA	1	1	1	1	1	1	0	2	1	0	1	0	1	1	1	1	1	1	1	1	1	1	1	1	1	1	1	0	0	0	0	0	0	1	1	0	1	1	1	1	0	0	1	0	1	0	1	2	1	1	0	0	0	1	0	1	1	1	0	1	1	1	1	1	1	1	1	1	1	1	0	1	1	1	1	1	1	1	1	1	0	1	1	1	1	1	1	1	0	NA	1	1	1	0	1	1	1	0	1	1	0
HELITRONY1A(ins)	1	NA	0	0	0	0	0	NA	0	0	0	0	0	0	0	0	1	0	NA	0	0	0	0	1	0	0	0	0	0	0	0	0	0	0	0	0	0	0	1	0	NA	0	NA	0	NA	0	0	0	0	0	0	0	0	0	0	0	0	0	0	0	0	0	0	0	0	0	0	0	0	0	0	0	0	0	0	0	0	NA	0	0	0	0	0	0	0	0	0	0	1	0	0	0	0	0	0	0	0	0	2	NA	1	1	0	0	0	NA	0	0	0	0	0	NA	0	0	0	NA	0	0	0	0	0	0	0	0	0	0	0	0	NA	0	0	0	0	NA	0	0	0	0	NA	0	0	0	3	0	0	0	0	0	0	1	0	NA
HELITRONY1(ins)	0	0	0	0	0	0	0	0	0	0	0	0	0	0	0	0	0	0	0	0	0	0	0	0	0	0	0	0	0	0	0	0	0	0	0	0	0	0	0	0	0	1	0	0	0	0	0	0	0	0	0	NA	0	0	0	0	0	0	0	0	0	0	0	0	0	0	0	0	0	0	0	0	0	0	0	0	NA	0	0	0	0	0	0	0	0	0	0	0	0	0	0	0	0	0	0	0	0	0	1	0	0	0	0	NA	0	0	0	0	0	0	0	NA	NA	0	0	0	NA	0	0	0	0	0	0	0	0	0	0	0	0	0	0	0	0	0	0	0	0	0	0	0	0	0	2	0	0	0	0	0	0	0	0	0
HELITRONY2(ins)	0	0	1	0	0	0	0	NA	0	0	1	0	0	1	0	0	2	0	0	0	NA	NA	1	2	NA	NA	0	0	0	1	0	0	0	0	1	0	1	0	1	0	0	1	0	0	0	0	0	NA	1	1	1	NA	1	0	NA	NA	1	0	1	1	1	0	0	1	0	NA	0	0	0	NA	0	NA	2	1	0	0	0	0	0	1	2	1	NA	1	0	0	0	NA	1	1	2	1	0	1	0	0	0	0	1	0	2	2	0	NA	2	0	0	0	1	NA	1	NA	NA	NA	0	NA	1	0	1	0	NA	1	0	0	1	1	0	0	NA	0	0	0	1	0	1	2	0	NA	0	0	1	1	7	0	0	1	1	0	1	0	0	1
HELITRONY3(ins)	0	0	0	0	0	0	0	0	0	0	0	0	0	0	0	0	NA	0	0	NA	0	0	0	0	0	1	0	0	0	0	0	0	0	0	0	0	0	0	0	0	0	0	0	0	0	0	0	NA	0	0	0	0	0	0	0	0	1	0	0	0	1	0	0	NA	0	NA	0	0	0	NA	0	0	1	0	0	0	0	0	0	NA	0	0	0	0	0	0	0	0	0	0	0	0	0	0	0	0	0	0	0	0	0	0	0	0	0	0	0	0	0	0	0	1	0	0	0	NA	0	0	NA	NA	NA	0	0	0	NA	NA	0	0	NA	0	0	0	0	0	1	1	0	0	0	0	0	0	3	0	0	0	0	0	0	0	0	0
HELITRONY4(ins)	0	0	0	0	0	0	0	0	0	0	0	0	0	0	0	0	0	0	0	0	0	0	0	0	0	0	0	0	0	0	0	0	0	0	0	0	0	0	0	0	0	0	0	0	0	0	0	0	0	0	0	0	0	0	0	0	0	0	0	0	0	0	0	0	0	0	0	0	0	0	0	0	0	0	0	0	0	0	0	0	0	0	0	0	0	0	0	0	0	0	0	0	0	0	0	0	0	0	0	0	0	0	0	0	0	0	0	0	0	0	0	0	0	0	0	0	0	0	0	0	0	0	0	0	0	0	0	0	0	0	0	0	0	0	0	0	0	0	0	0	0	0	1	1	0	0	0	0	0	0	0	0
IR1(ins)	1	2	0	3	0	0	1	2	0	2	0	0	0	2	2	0	0	3	1	0	0	1	0	0	0	1	0	0	1	2	3	2	1	1	0	1	2	1	0	2	0	2	1	0	0	0	1	0	0	0	0	0	3	3	2	1	2	0	1	1	2	0	1	1	2	2	1	2	2	0	0	1	2	2	1	1	1	1	1	0	1	0	0	0	0	2	0	0	0	0	2	0	0	1	1	1	0	3	2	1	5	1	1	0	0	0	2	0	0	0	1	2	0	0	1	0	1	1	1	1	0	1	0	1	1	1	0	0	0	0	0	1	2	2	0	1	3	0	1	0	0	1	4	2	0	1	0	1	1	3	0	0
LINE2A(ins)	0	0	0	0	0	0	0	0	0	0	0	0	0	0	0	0	0	0	0	0	0	0	0	0	0	NA	0	0	0	0	0	0	0	1	0	1	0	0	1	0	0	0	1	0	1	0	0	NA	0	0	0	0	0	1	0	0	0	0	0	NA	0	0	0	0	0	0	0	0	0	0	0	0	0	0	0	0	0	0	0	0	0	0	0	0	0	1	0	0	0	0	1	0	0	0	0	0	0	0	0	0	1	0	0	1	0	0	0	0	0	0	0	NA	NA	0	0	0	0	0	0	0	0	0	0	0	0	0	0	0	0	0	0	0	0	0	0	0	0	0	0	1	0	0	0	0	0	0	0	0	0	0	0	0
LINE2C(ins)	NA	0	0	0	0	0	0	1	0	0	0	0	0	0	0	0	NA	0	0	0	0	0	0	1	0	NA	0	0	1	0	0	1	0	1	0	0	0	0	0	0	0	0	0	0	1	0	0	0	0	0	0	0	0	0	NA	NA	0	0	0	0	0	0	1	NA	0	0	1	0	0	0	0	0	0	0	2	0	0	0	0	0	0	0	NA	0	0	0	0	NA	0	1	1	0	0	0	0	0	0	0	2	0	0	1	0	0	0	0	0	0	0	1	1	0	NA	0	0	0	0	0	0	NA	0	0	0	0	0	0	1	0	0	NA	0	0	0	0	NA	NA	0	0	1	0	0	0	2	0	0	0	NA	0	0	1	1	0
LINE2C1(ins)	0	NA	0	0	1	0	1	NA	1	1	0	0	0	0	1	NA	0	1	1	0	0	0	1	NA	0	2	1	0	0	0	1	1	1	1	1	0	1	0	0	0	0	0	0	0	1	0	0	NA	0	0	0	NA	0	0	0	0	0	0	0	NA	0	0	0	0	1	0	1	0	1	0	0	0	1	0	0	1	0	0	1	0	0	0	0	0	0	0	0	0	0	0	0	NA	0	0	0	1	0	1	0	NA	1	1	0	NA	NA	0	0	0	1	1	0	1	NA	0	0	0	0	0	NA	0	0	0	0	0	0	0	0	0	0	0	0	0	1	0	1	1	1	0	1	0	1	1	2	1	0	1	0	0	1	0	NA	NA
LINE2D(ins)	0	0	0	0	0	0	0	0	0	0	0	0	0	0	0	NA	0	0	1	0	0	0	0	0	0	NA	0	0	0	0	0	0	0	0	0	0	0	0	0	0	1	0	1	0	2	0	0	0	0	0	0	0	0	0	0	0	0	0	0	0	0	0	0	NA	0	0	NA	0	0	0	0	0	1	0	0	0	0	0	0	0	0	0	0	0	0	0	0	0	0	0	0	0	0	0	0	0	0	1	0	0	0	NA	0	0	0	0	1	0	0	0	0	0	0	0	0	0	0	0	0	0	0	0	0	0	0	0	0	0	1	0	NA	0	0	1	0	0	0	0	1	0	0	NA	NA	0	0	0	0	NA	NA	1	0	1
LINE2E(ins)	0	0	0	0	0	0	0	0	0	0	0	0	0	0	0	0	0	0	0	0	0	0	0	0	0	NA	0	0	0	0	0	0	0	0	0	0	0	0	0	0	0	0	0	0	0	0	0	0	0	0	0	0	0	0	0	0	0	0	0	0	0	0	0	0	0	0	0	0	0	0	0	0	0	0	0	0	0	0	0	0	0	0	0	0	0	0	0	0	0	0	0	0	0	0	0	0	0	0	0	0	0	0	0	0	0	0	0	0	0	0	0	0	0	0	0	0	0	0	0	0	0	0	0	0	0	0	0	0	0	0	0	0	0	0	0	0	0	0	0	0	0	0	1	0	0	0	0	0	0	0	0	0
LINE2F(ins)	0	0	0	0	0	0	0	0	0	0	0	0	0	0	0	0	0	0	0	0	0	0	0	0	0	0	0	0	0	0	0	0	0	0	0	0	0	0	0	0	0	0	0	0	0	0	0	0	0	0	0	0	0	0	0	0	0	0	0	0	0	0	0	0	0	0	0	0	0	0	0	0	0	0	0	0	0	0	0	0	0	0	0	0	0	0	0	0	0	0	1	0	0	0	0	0	0	0	0	0	0	0	0	0	0	0	0	0	0	0	0	0	0	0	0	1	0	0	0	0	0	0	0	0	0	0	1	0	1	0	0	0	0	0	0	0	0	0	0	0	0	0	1	0	0	0	0	0	0	0	0	0
LINE2G(ins)	0	0	1	0	0	0	0	0	0	0	1	0	0	0	0	0	0	0	0	0	NA	0	0	3	0	1	0	NA	0	0	0	0	0	0	0	0	0	0	0	0	0	0	0	0	0	0	0	NA	0	0	0	NA	0	0	0	1	0	0	1	1	0	0	0	0	0	NA	0	NA	0	0	0	0	0	0	0	0	0	0	0	0	0	0	NA	0	NA	0	0	0	0	0	0	NA	0	0	0	0	0	0	2	0	0	0	0	NA	0	0	0	NA	0	0	0	1	1	0	0	NA	0	0	0	0	NA	0	0	0	0	0	0	0	NA	NA	0	0	0	0	0	0	0	0	0	0	0	0	6	0	0	1	1	0	0	0	0	0
LONGPAL1(ins)	0	0	0	0	0	1	2	3	1	0	1	1	1	3	1	1	3	0	1	1	0	1	1	3	0	NA	0	2	0	1	1	2	0	1	1	0	0	0	3	2	2	0	1	2	0	0	0	0	1	1	0	0	1	2	1	3	1	1	0	0	0	1	1	0	0	2	2	0	0	1	3	2	1	1	2	1	0	1	1	0	1	1	0	0	0	1	1	1	2	1	2	NA	0	NA	0	2	0	1	2	3	0	2	0	NA	2	2	1	0	0	1	2	2	1	0	2	2	2	1	2	NA	3	1	1	5	2	NA	1	1	1	0	1	0	1	0	1	3	0	1	0	2	1	2	4	0	2	2	4	1	4	1	4	1
LONGPAL2(ins)	0	0	0	0	0	0	0	0	0	0	0	0	0	1	0	0	0	0	0	0	0	0	0	NA	0	0	0	0	0	0	0	NA	0	NA	0	0	0	0	0	0	0	0	0	0	0	0	0	0	0	0	0	0	0	0	0	0	0	0	0	0	1	0	0	0	0	0	0	0	0	0	0	0	0	0	1	0	0	0	0	0	0	0	0	0	0	0	0	0	0	0	0	0	0	0	0	0	0	0	0	0	0	0	0	0	0	0	0	0	0	0	0	0	0	0	0	0	0	0	0	0	0	0	0	0	0	0	0	0	0	0	0	0	0	0	0	0	0	0	0	0	0	NA	0	0	0	0	0	0	0	1	0	0
LTR1(ins)	0	0	0	0	0	0	0	0	0	0	0	0	0	0	0	0	0	0	0	0	0	0	0	0	0	NA	0	0	0	0	0	0	0	0	0	0	0	0	0	0	0	0	0	0	0	0	0	NA	NA	0	0	0	NA	0	0	NA	0	0	0	0	0	0	0	0	0	0	0	0	0	0	0	0	NA	0	0	0	0	0	0	NA	0	0	0	0	0	0	NA	0	0	0	0	0	0	0	0	0	0	NA	1	0	0	0	0	0	0	NA	0	0	0	0	0	0	0	0	0	0	0	0	0	0	0	0	0	0	0	0	0	0	0	0	0	0	0	0	0	0	0	0	0	0	0	0	NA	1	0	0	0	0	0	0	NA	0
LTRCER1(ins)	0	0	0	0	1	0	1	0	1	2	3	3	5	3	6	1	4	2	5	3	1	1	1	1	0	3	4	2	0	2	3	1	0	1	0	0	1	2	4	0	3	1	0	2	0	2	0	0	2	6	3	1	2	4	2	4	0	2	3	3	1	1	0	6	0	4	0	0	4	5	4	4	1	0	2	0	3	0	0	4	0	4	1	2	0	0	3	2	5	4	4	6	1	1	2	3	0	2	3	4	0	2	0	0	2	3	4	5	0	5	4	1	0	0	5	3	3	6	4	3	0	0	0	0	5	4	3	3	6	2	1	0	1	0	2	2	4	4	4	4	1	0	0	2	2	1	2	4	3	0	3	3
MARINCE1(ins)	1	1	4	2	1	3	2	6	1	1	0	1	1	1	1	2	3	1	1	1	1	1	2	4	0	14	1	1	4	1	1	2	1	2	1	1	2	1	1	2	2	1	1	2	2	1	1	3	3	2	2	2	1	1	1	2	1	0	2	4	0	4	7	1	1	2	2	1	3	2	1	3	3	1	1	1	1	1	1	1	4	1	0	1	3	2	2	1	2	3	3	2	2	3	3	2	0	1	4	1	1	5	0	3	5	0	1	2	1	2	2	1	1	2	3	2	2	1	3	1	3	3	1	3	2	3	3	1	1	1	2	1	3	1	2	3	1	2	1	3	3	2	10	2	1	5	2	3	3	1	1	3
MARINER2(ins)	12	4	10	7	3	6	3	26	5	5	16	9	10	11	8	5	18	6	9	5	6	6	16	22	2	22	16	8	11	8	11	11	5	10	8	9	9	4	14	16	14	6	6	9	8	3	5	7	9	11	6	1	13	7	6	12	4	4	15	15	6	21	20	24	9	6	7	1	8	6	9	12	18	3	16	7	13	13	4	5	12	8	3	7	10	12	11	12	22	9	17	4	8	2	11	11	0	5	21	19	9	28	0	7	21	19	7	8	7	10	5	13	6	8	13	12	7	9	14	6	9	8	5	11	11	10	13	2	7	1	6	4	13	6	10	22	6	6	7	17	11	8	48	16	7	17	21	24	22	7	18	6
MARINER3(ins)	0	1	0	0	0	0	0	0	0	0	0	0	0	0	0	0	0	0	1	0	0	0	0	0	0	0	0	0	0	0	1	0	0	0	0	0	0	0	1	0	0	0	1	0	1	0	0	0	0	0	2	0	1	1	0	0	0	0	0	0	0	0	0	0	1	NA	0	0	0	0	0	1	0	0	0	0	1	0	0	0	1	0	0	1	0	1	1	0	0	0	1	0	1	0	0	0	0	0	1	0	1	2	0	1	0	0	0	0	0	1	0	1	0	0	0	0	0	0	0	1	NA	0	0	0	0	0	2	1	0	1	1	0	0	0	0	0	0	0	0	0	0	1	3	1	0	0	0	0	0	1	0	0
MARINER4(ins)	0	0	0	0	0	0	1	0	0	0	0	1	0	0	0	1	0	0	1	0	1	0	0	NA	0	NA	0	0	NA	0	0	NA	0	NA	0	0	0	0	0	1	0	0	0	0	0	0	0	0	0	0	0	0	0	0	0	0	0	0	1	1	0	0	0	0	0	0	NA	0	0	NA	0	0	NA	0	NA	0	0	1	0	0	0	0	0	0	0	0	0	0	0	NA	1	0	0	NA	0	0	0	0	1	0	0	1	0	0	0	0	0	0	0	0	0	0	NA	NA	0	0	1	0	0	NA	0	0	0	NA	0	NA	0	NA	NA	NA	0	0	0	NA	0	NA	0	0	0	NA	0	0	2	0	0	2	NA	2	NA	NA	0	0
MARINER5(ins)	0	0	0	0	0	0	0	0	0	0	0	0	0	0	0	0	0	0	0	0	0	0	0	0	0	0	0	0	0	0	0	0	0	0	0	0	0	0	0	0	0	0	0	0	0	0	0	0	0	0	0	0	0	0	0	0	0	0	0	0	0	0	0	0	0	0	0	0	0	0	0	0	0	0	0	0	0	0	0	0	0	0	0	0	0	0	0	0	0	0	0	0	0	0	0	0	0	0	0	0	0	1	0	0	0	0	0	0	0	0	0	0	0	0	0	0	0	0	0	0	0	0	0	0	0	0	0	0	0	0	0	0	0	0	0	0	0	0	0	0	0	0	0	0	0	0	0	0	0	0	0	0
MAR(ins)	2	NA	1	3	1	0	0	1	0	2	3	0	0	2	0	0	4	2	0	0	0	NA	0	3	0	0	0	1	1	2	3	4	0	3	1	0	0	1	0	1	0	3	2	1	0	0	2	NA	1	0	1	0	2	0	0	1	2	0	2	1	1	0	1	1	1	0	0	0	0	0	0	0	0	0	2	1	0	0	0	0	1	0	0	2	0	1	0	1	0	0	3	0	0	NA	2	1	3	0	2	1	3	0	0	NA	1	0	1	0	1	0	NA	NA	NA	NA	1	NA	NA	1	0	NA	1	NA	0	0	0	NA	0	0	NA	0	NA	1	2	0	1	0	2	0	2	0	0	0	7	4	1	2	2	2	1	4	0	0
MIRAGE1(ins)	2	5	0	2	5	2	5	5	2	3	4	1	3	1	2	1	3	4	1	3	1	7	5	7	0	2	3	2	0	5	4	5	2	5	3	2	5	1	5	7	8	3	3	2	5	2	0	3	7	7	4	3	7	1	2	4	2	1	5	10	1	7	1	6	1	4	5	2	4	6	3	10	9	2	6	4	8	3	4	4	3	4	2	2	7	6	1	3	8	4	9	4	5	7	4	4	0	3	8	3	4	7	0	3	4	11	2	1	3	4	0	10	5	1	7	8	2	6	7	6	3	4	4	6	6	9	5	2	3	3	4	1	4	3	4	4	1	6	2	5	5	3	2	6	7	3	5	7	5	2	4	3
NDNAX2(ins)	0	0	0	0	0	0	0	0	0	0	0	0	0	0	0	0	0	0	0	0	0	0	0	0	0	0	0	0	0	0	0	0	0	0	0	0	0	0	0	0	0	0	0	0	0	0	0	0	0	0	0	0	0	0	0	0	0	0	0	0	0	0	0	0	0	0	0	0	0	0	0	0	0	0	0	0	0	0	0	0	0	0	0	0	0	0	0	0	0	0	0	0	0	0	0	0	0	0	0	0	0	0	0	0	0	0	0	0	0	0	0	0	0	0	0	0	0	0	0	0	0	0	0	0	0	0	0	0	0	0	0	0	0	0	0	0	0	0	0	0	0	0	1	0	0	0	0	0	0	0	0	0
NDNAX3(ins)	1	0	0	0	0	0	0	1	0	0	1	0	0	1	0	0	0	0	0	0	0	0	0	NA	0	NA	0	0	0	1	0	0	0	0	0	0	0	0	1	0	0	0	0	0	0	0	0	0	0	0	0	0	0	0	0	1	1	0	1	1	0	0	NA	1	0	0	0	0	0	0	0	0	0	1	1	0	0	0	0	0	0	1	0	1	0	0	0	0	0	0	2	0	0	NA	0	1	0	NA	1	1	0	1	0	NA	NA	0	0	0	0	0	0	1	0	0	0	0	0	0	0	0	0	0	0	0	0	0	0	0	NA	0	0	0	1	1	0	0	0	0	0	0	0	0	0	0	0	NA	0	2	0	1	2	0
NPAL0A(ins)	1	1	1	1	1	1	1	1	1	1	1	2	2	2	1	1	1	1	1	2	2	1	1	1	1	0	1	1	1	1	1	1	1	1	1	1	1	1	1	1	1	1	1	1	1	1	1	1	1	1	1	0	1	1	1	1	1	0	1	1	1	1	1	1	1	0	1	1	1	1	1	1	1	1	1	1	1	1	1	1	1	1	1	1	1	1	1	1	1	1	1	0	1	1	1	1	1	1	2	1	1	2	1	1	1	1	1	1	1	1	1	1	2	1	1	0	1	1	1	1	1	1	1	1	1	0	1	1	1	1	1	1	1	1	0	2	1	1	1	1	1	1	1	1	1	1	1	1	1	1	1	1
NPAL5A(ins)	0	0	0	0	1	0	0	0	1	0	0	0	0	0	0	0	0	0	0	0	0	0	0	2	0	0	0	0	0	0	0	0	0	0	0	0	0	0	0	0	0	0	0	0	0	0	0	0	0	0	0	0	0	0	0	0	0	0	0	1	0	0	0	0	0	1	0	0	0	0	0	0	1	0	0	0	0	0	0	0	0	0	0	0	0	0	0	0	1	0	1	NA	0	0	0	0	0	0	3	0	0	5	0	0	0	1	0	0	0	0	0	1	1	0	1	0	0	1	1	1	1	0	0	0	0	1	0	0	0	0	0	0	0	0	0	0	0	0	0	0	0	0	1	0	0	1	2	2	2	0	0	0
NPALTA1(ins)	2	0	1	1	1	0	0	1	0	1	1	0	0	1	1	0	1	1	0	0	0	0	0	1	0	NA	0	0	0	0	1	0	1	NA	0	0	0	0	0	1	2	1	0	0	0	0	0	NA	1	1	1	0	0	0	0	1	0	1	1	2	0	2	2	2	1	NA	1	0	0	0	0	0	1	0	1	0	0	1	0	0	0	1	1	1	1	1	1	0	2	1	2	0	0	NA	1	0	0	0	1	0	0	1	0	1	2	1	0	1	0	1	0	1	NA	1	1	0	1	1	1	0	1	1	0	2	1	NA	1	NA	NA	NA	1	0	1	0	0	1	0	0	0	1	0	0	3	0	0	2	1	2	1	0	0	0
NTc2A(ins)	0	0	0	0	0	0	0	1	0	0	0	1	0	1	0	0	0	0	NA	1	0	0	0	1	0	NA	0	0	0	0	0	0	0	0	0	0	0	0	1	0	NA	0	NA	0	1	0	0	0	0	0	0	0	0	0	0	0	0	0	1	0	0	0	0	0	1	NA	0	0	0	1	0	1	0	0	0	0	NA	1	0	0	0	0	0	0	0	0	0	2	1	0	0	0	0	0	0	0	0	0	1	1	0	1	0	0	1	1	0	0	0	0	0	0	0	0	0	1	0	0	0	0	NA	0	0	0	0	0	0	0	NA	0	0	0	0	NA	1	1	0	0	1	1	0	0	2	1	0	1	1	3	NA	1	1	NA
NeSL-1(ins)	0	0	0	0	0	0	0	NA	0	0	0	0	0	0	0	0	NA	0	0	0	0	0	0	NA	0	0	0	0	0	0	0	0	0	0	0	NA	NA	0	0	0	0	0	0	0	0	NA	0	0	0	0	0	0	0	0	0	0	0	0	0	0	0	0	0	0	0	0	0	0	0	NA	0	0	NA	0	0	0	0	0	0	0	0	0	0	0	0	0	0	NA	0	0	0	0	NA	0	NA	0	0	0	0	0	NA	0	0	0	0	0	NA	0	0	0	0	0	0	0	0	0	0	0	0	0	0	0	0	NA	NA	0	0	0	0	0	0	0	0	0	0	0	0	0	0	0	0	0	1	0	0	0	0	1	0	0	0	0
PAL3A(ins)	0	0	0	0	0	0	0	0	0	1	0	0	0	0	0	0	0	0	0	0	0	0	0	1	0	NA	0	0	0	0	0	1	0	1	0	1	0	0	NA	0	0	0	0	0	0	0	0	NA	0	0	0	NA	0	0	0	0	0	0	1	0	0	0	0	0	0	0	0	0	0	0	0	0	0	0	1	0	0	0	0	NA	0	0	0	0	0	0	0	0	0	0	0	0	0	NA	0	0	0	0	3	1	1	1	0	0	0	0	0	0	0	0	0	0	0	0	0	0	0	0	0	0	0	0	0	0	0	0	0	0	0	0	0	0	1	0	0	0	0	0	0	0	0	0	NA	0	0	0	0	0	0	0	2	0
PAL5A(ins)	6	0	6	3	4	1	2	3	1	3	4	0	0	7	5	0	5	3	0	1	0	NA	3	3	1	NA	1	NA	4	3	3	3	2	4	1	4	3	4	8	4	1	6	4	1	5	2	4	NA	2	1	0	NA	3	2	1	5	5	0	6	3	5	1	1	1	2	NA	0	0	0	NA	1	0	4	3	6	0	1	4	2	0	4	1	NA	2	0	5	1	1	2	1	9	NA	1	NA	4	1	3	1	8	4	4	3	1	NA	2	1	3	0	2	0	NA	NA	NA	0	0	NA	NA	NA	0	NA	NA	NA	0	1	NA	NA	0	0	NA	NA	NA	2	4	3	2	1	5	0	4	0	0	0	7	3	1	3	1	4	0	4	3	NA
PAL8D(ins)	1	0	0	0	1	0	0	1	1	1	0	1	0	1	1	NA	1	2	0	1	0	0	0	2	0	1	1	2	0	0	1	2	2	1	0	1	0	0	0	1	0	2	0	0	2	1	0	0	0	1	1	NA	0	1	1	1	0	0	1	0	0	1	2	1	1	0	0	0	2	2	1	0	1	0	0	1	0	1	0	0	0	0	0	1	0	1	0	1	2	2	4	1	1	0	2	1	0	0	0	0	0	1	0	0	2	1	0	0	2	1	1	1	0	0	2	1	0	0	1	0	0	1	3	0	1	NA	3	0	1	1	1	0	2	0	0	1	0	2	1	0	0	0	4	2	1	2	0	0	0	1	2	0
PAL9A(ins)	0	0	0	0	0	0	0	0	0	0	0	0	0	0	0	0	0	0	0	0	0	0	0	1	0	1	0	0	0	0	0	0	0	0	0	0	0	0	0	0	0	0	0	0	0	0	0	NA	0	0	0	0	1	0	0	0	0	0	0	0	0	0	0	0	0	1	0	0	0	0	0	1	0	0	0	0	0	0	0	0	0	0	0	0	0	0	0	0	0	0	0	0	0	0	0	0	0	0	0	0	0	1	0	0	0	0	0	0	0	0	0	0	0	0	0	0	0	1	0	0	0	0	0	0	0	0	0	0	0	0	0	0	0	0	0	0	0	0	0	0	0	0	2	0	0	0	0	0	0	0	0	0
PALNN1(ins)	0	0	1	0	0	0	0	1	2	0	0	0	0	0	0	0	0	0	0	0	0	0	0	1	1	1	0	0	0	0	0	0	0	0	0	0	0	0	0	0	0	0	0	0	0	0	0	0	1	0	0	0	0	0	0	2	0	0	1	0	0	1	1	0	0	0	0	0	0	0	0	0	0	0	0	0	0	0	0	0	0	0	0	0	0	0	0	0	0	0	0	0	0	0	0	0	0	1	1	0	0	2	0	0	0	0	0	0	0	0	0	0	0	0	0	0	1	0	0	1	0	0	0	0	0	0	0	0	0	1	0	0	0	0	0	0	0	0	0	0	0	1	1	0	0	0	0	4	3	0	0	0
PALTA1(ins)	0	0	0	0	0	0	0	0	0	0	0	0	0	0	0	0	0	0	0	0	0	0	0	0	0	0	0	0	0	0	0	0	0	0	0	0	0	0	0	0	0	0	0	0	0	0	0	0	0	0	0	NA	0	0	0	0	0	0	0	0	0	0	0	0	0	0	0	0	0	0	0	0	0	0	0	0	0	0	0	0	0	0	0	0	0	0	0	0	0	0	1	0	0	0	0	0	0	1	0	0	0	0	0	0	1	0	0	0	0	0	0	0	0	0	0	0	0	0	0	0	0	0	0	0	0	0	0	0	0	0	0	0	0	0	0	0	0	0	0	0	0	0	0	0	0	0	0	0	0	0	0	0
PALTA2(ins)	0	0	0	0	0	0	0	0	0	0	0	0	0	0	0	0	0	0	0	0	0	0	0	0	0	0	0	0	0	0	0	0	0	0	0	0	0	0	0	0	0	0	0	0	0	0	0	0	0	0	0	0	0	0	0	0	0	0	0	0	0	0	0	0	0	0	0	0	0	0	0	0	0	0	0	0	0	0	0	0	0	0	0	0	0	0	0	0	0	0	0	0	0	0	0	0	0	0	1	0	0	0	0	0	0	0	0	0	0	0	0	0	0	0	0	0	0	0	0	0	0	0	0	0	0	0	0	0	0	0	0	0	0	0	0	0	0	0	0	0	0	0	0	0	0	NA	0	0	0	0	0	0
PALTA3(ins)	4	0	2	2	2	0	0	2	1	4	2	0	0	3	1	0	3	2	0	0	0	0	0	4	0	0	0	0	0	1	2	3	0	0	0	1	0	0	3	0	0	3	0	0	1	0	1	0	0	0	0	NA	1	1	0	1	2	0	2	3	3	0	NA	0	2	0	0	0	0	0	0	0	0	1	2	0	0	1	0	0	3	NA	NA	1	0	1	0	0	0	0	3	NA	0	0	0	1	1	0	5	1	2	2	0	0	0	0	1	0	0	0	0	0	0	0	0	0	1	0	1	0	0	0	0	0	0	0	0	0	0	NA	0	1	2	0	2	1	1	1	2	0	0	1	3	3	0	0	1	NA	0	3	1	0
PALTA4(ins)	1	1	1	1	2	1	2	1	2	2	1	1	1	1	1	1	1	2	1	2	1	1	1	1	1	1	2	2	1	1	1	1	1	2	1	1	1	1	0	1	0	2	1	2	1	1	1	1	1	1	1	NA	1	1	2	1	2	1	1	1	1	1	1	0	1	0	1	1	1	0	0	0	1	1	1	1	1	1	1	0	1	1	1	1	1	1	2	0	1	1	1	NA	1	1	1	1	1	1	2	2	1	1	1	0	1	1	1	1	1	0	1	0	1	1	1	1	1	1	1	1	1	1	1	0	1	1	1	0	0	NA	1	1	1	1	2	1	1	1	2	1	2	1	1	2	2	0	1	2	1	1	1	1
PALTTAA1(ins)	0	NA	0	0	0	0	0	0	0	0	0	0	0	0	0	0	0	0	0	0	0	0	0	0	0	0	0	NA	NA	0	0	0	0	0	0	0	0	0	0	0	0	0	0	0	0	0	0	NA	0	0	0	NA	0	0	0	0	0	0	0	0	0	0	0	0	0	0	0	0	0	0	0	0	0	0	0	0	0	0	0	0	0	0	0	0	0	0	0	0	0	0	0	NA	0	NA	0	0	0	0	1	0	0	0	0	NA	0	0	0	0	0	0	0	0	0	0	0	0	0	0	0	0	0	0	0	0	0	0	0	0	NA	NA	0	0	0	0	0	0	1	0	0	0	0	0	0	0	0	0	0	0	0	0	0	NA
PALTTTAAA3(ins)	0	0	0	0	0	0	0	0	0	0	0	0	0	0	0	0	0	0	0	0	0	0	0	0	0	0	0	NA	0	0	0	0	0	0	0	0	0	0	0	0	0	0	0	0	0	0	0	0	0	0	0	0	0	0	0	0	0	0	0	0	0	0	0	0	0	0	0	0	0	0	0	0	0	0	0	0	0	0	0	0	0	0	0	0	0	0	0	0	0	0	0	0	0	NA	0	0	0	0	1	0	0	NA	0	NA	0	0	0	0	0	0	0	0	0	0	0	0	0	0	0	0	0	0	0	0	0	0	0	0	NA	0	0	0	0	0	0	0	0	0	0	0	0	0	0	0	0	0	0	0	0	0	0	0
RTE1(ins)	0	0	1	0	0	0	0	0	0	0	0	0	0	0	0	0	0	0	0	0	0	0	0	0	0	1	0	0	0	0	0	0	0	0	0	0	0	0	0	0	0	0	0	1	1	0	0	1	0	0	0	0	0	0	0	0	0	0	0	0	0	0	0	0	0	0	0	0	0	0	0	0	0	0	0	0	0	0	1	0	1	0	1	0	0	0	0	0	0	0	0	0	0	0	0	0	0	1	0	0	0	0	0	0	0	0	0	0	0	0	0	0	0	0	0	0	0	0	0	0	0	0	0	0	0	0	0	0	0	0	0	0	1	0	0	0	0	0	0	0	0	0	1	0	0	1	1	1	0	0	0	0
SINE1(ins)	1	0	0	1	0	0	0	0	0	0	0	0	0	0	0	0	0	0	0	0	1	0	0	0	0	1	0	0	0	0	0	0	0	0	0	0	0	0	1	0	0	0	0	0	0	0	0	0	0	0	0	0	0	0	0	0	0	0	0	0	0	0	0	0	0	0	0	0	0	0	0	0	0	0	0	0	0	1	0	0	0	0	0	0	0	0	0	0	0	0	0	0	0	0	0	0	0	0	1	0	0	NA	0	0	0	0	0	0	0	0	0	0	0	0	0	0	0	0	0	0	0	0	0	1	0	0	0	0	0	0	0	0	0	0	1	0	1	0	0	0	0	0	1	0	0	0	1	1	1	1	0	0
TIR21T5A(ins)	0	0	0	0	2	0	2	NA	2	2	0	2	2	2	2	1	3	1	NA	2	2	1	2	NA	0	NA	2	1	1	0	1	2	1	2	1	0	1	0	1	0	0	1	0	0	1	2	0	NA	0	0	0	NA	0	0	0	1	1	0	0	1	0	0	0	0	1	0	2	1	1	0	1	NA	1	1	1	1	0	1	1	0	0	0	0	0	0	0	1	NA	0	1	0	0	2	0	2	1	0	1	NA	1	1	NA	0	NA	0	1	0	0	1	1	0	NA	NA	1	0	NA	0	0	0	0	0	0	1	0	1	0	1	1	NA	NA	0	0	NA	1	2	2	0	0	2	NA	1	1	NA	3	2	0	2	NA	2	1	1	0
TIR23T5A(ins)	0	0	0	0	0	0	0	0	0	0	0	0	0	0	0	0	0	0	0	0	0	0	0	0	0	0	0	0	0	0	0	0	0	0	0	0	0	0	0	0	0	0	0	0	0	0	0	0	0	0	0	0	0	0	0	0	0	0	0	0	0	0	0	0	0	0	0	0	0	0	0	0	0	0	0	0	0	0	0	0	0	0	0	0	0	0	0	0	0	0	0	0	0	0	0	0	0	0	0	0	0	0	0	0	0	0	0	0	0	0	0	0	0	0	0	0	0	0	0	0	0	0	0	0	0	0	0	0	0	0	0	0	0	0	0	0	0	0	0	0	0	0	1	0	0	0	0	0	0	0	0	0
TIR54TA1(ins)	0	0	0	0	0	0	0	0	0	1	0	0	0	1	0	0	0	0	0	0	0	0	0	0	0	0	0	0	0	0	0	0	0	1	0	0	0	0	0	0	0	0	0	0	0	0	1	0	0	0	0	NA	0	0	0	0	0	0	0	0	0	0	0	0	0	0	0	0	0	0	0	0	0	0	0	0	0	0	0	0	2	0	0	0	0	0	0	0	0	0	0	0	0	0	0	0	0	0	0	0	1	0	0	0	0	0	0	0	0	0	0	0	0	0	0	0	0	0	0	0	0	0	0	0	0	0	0	0	0	0	0	0	0	0	0	0	0	0	1	0	0	0	0	0	0	0	0	0	0	1	0	0
TIR9TA1A(ins)	0	0	1	0	0	0	0	1	0	0	1	0	0	0	0	0	1	0	0	0	0	0	0	NA	0	0	0	0	0	0	0	0	0	0	0	0	0	0	0	0	0	0	0	0	0	0	0	0	0	0	0	0	1	0	0	0	1	0	1	0	1	0	0	NA	0	NA	0	0	0	NA	0	NA	0	1	0	0	0	0	0	0	1	0	0	0	0	0	0	0	0	0	1	0	0	0	0	0	0	0	0	0	0	NA	0	0	0	0	0	0	0	0	0	0	0	0	0	NA	0	0	0	NA	NA	1	0	0	0	0	1	0	0	0	0	1	1	0	0	0	0	0	1	0	0	NA	1	0	0	0	0	0	NA	0	0	0
Tc1(ins)	1	1	389	3	3	1	3	17	3	4	4	3	1	1	4	2	6	2	5	1	3	3	1	13	162	7	5	0	1	4	2	3	2	2	1	2	0	2	4	2	3	5	2	3	1	2	1	1	4	3	3	0	6	4	2	3	4	1	7	6	1	2	3	3	4	2	3	0	2	3	2	6	6	3	2	1	7	9	0	2	3	2	0	0	0	2	4	5	7	4	3	2	2	1	1	1	0	4	8	9	2	8	0	2	2	7	4	1	1	3	2	9	1	1	1	5	1	5	2	3	6	2	1	3	2	1	2	0	0	0	3	2	5	0	7	9	1	1	5	8	4	2	19	7	1	7	5	4	5	0	10	1
Tc1A(ins)	1	0	13	0	1	0	1	2	1	1	1	1	1	2	1	1	1	1	1	1	1	0	1	5	0	2	1	1	1	0	1	1	1	1	1	0	0	0	2	1	4	1	0	0	0	0	0	1	0	2	1	0	0	1	1	1	1	1	2	1	0	0	0	1	1	1	2	0	0	2	1	0	3	1	1	0	0	1	0	2	0	1	0	1	0	2	2	1	5	3	3	0	1	0	2	2	0	0	1	0	2	3	0	1	2	2	0	1	1	2	2	1	2	1	2	2	0	3	4	2	0	2	3	3	4	1	4	1	1	2	2	0	1	0	2	1	0	0	0	1	0	1	3	2	0	1	2	2	1	0	2	0
Tc2(ins)	3	0	15	0	3	0	2	1	3	3	2	1	1	3	2	0	2	2	0	0	1	0	3	0	5	5	0	0	0	1	2	5	0	4	0	0	0	0	3	1	2	2	1	3	0	3	1	1	1	0	17	0	1	1	0	1	0	0	6	4	2	1	2	3	9	1	2	2	0	0	1	0	0	0	3	0	0	1	4	0	1	0	2	1	0	4	0	1	3	0	2	0	0	0	1	2	0	3	2	0	1	3	0	0	2	1	0	0	0	0	1	2	1	1	2	1	2	3	4	2	1	2	1	1	2	1	2	0	4	2	1	0	2	1	3	2	0	4	1	0	2	2	7	3	1	3	2	3	1	1	1	0
Tc3(ins)	11	5	4	14	9	7	11	12	7	12	6	6	6	14	8	4	17	10	4	8	9	2	7	9	1	8	9	6	12	15	13	11	8	10	12	12	15	8	11	11	9	11	10	6	16	4	8	0	3	2	2	4	5	10	7	11	7	0	6	10	6	7	12	4	15	4	13	4	5	7	7	11	11	8	4	5	8	8	4	1	4	1	0	9	5	9	6	16	15	10	18	0	8	3	9	11	0	9	14	10	14	16	0	2	17	8	8	5	7	7	2	11	3	5	12	8	8	6	11	10	6	3	6	10	6	6	5	3	7	3	4	6	10	8	12	17	8	5	11	12	5	5	11	12	10	14	13	14	10	8	13	6
Tc4v(ins)	2	0	5	1	2	2	3	3	2	3	3	1	2	3	4	4	1	1	3	2	3	1	1	3	0	9	3	0	0	4	1	2	0	2	2	2	2	2	5	5	3	3	0	2	1	1	0	1	1	4	3	1	2	2	2	1	6	1	5	2	0	6	4	5	3	2	1	0	3	2	1	1	4	4	1	1	3	3	1	3	1	2	1	1	2	5	1	2	3	1	2	2	0	1	2	0	0	3	4	3	1	5	0	5	7	3	1	3	0	1	2	3	2	2	1	2	2	1	1	1	1	4	2	3	2	1	2	0	1	1	4	0	5	2	1	2	1	3	3	4	2	3	25	4	3	2	3	5	4	3	5	3
Tc5(ins)	3	1	26	3	2	1	3	8	2	3	2	3	1	4	3	1	3	3	4	3	7	3	2	6	0	3	3	2	3	3	2	3	1	2	0	2	2	2	6	5	8	2	6	2	4	4	1	0	2	2	0	3	4	3	1	3	3	0	2	4	0	3	4	4	5	2	1	0	0	3	7	3	2	3	1	2	3	0	2	0	0	2	0	1	3	3	1	3	4	4	5	2	2	2	1	1	0	2	4	2	1	1	0	0	7	3	0	0	1	6	2	5	4	0	5	5	1	3	3	4	4	3	3	4	4	4	4	3	1	1	3	0	3	3	5	0	1	4	4	0	1	3	4	1	4	4	1	4	3	4	5	3
Tc5A(ins)	1	0	0	0	0	1	0	1	0	1	0	0	0	0	0	0	0	0	0	0	0	0	0	0	0	0	1	0	0	0	0	1	0	0	0	0	0	0	1	2	1	0	0	0	0	0	0	0	1	0	0	0	1	1	0	0	1	0	1	0	0	0	0	0	0	NA	0	0	0	0	0	0	0	0	0	0	0	0	0	0	0	0	0	0	0	0	0	1	0	0	0	0	0	0	0	0	0	1	2	0	1	0	0	0	0	0	0	0	0	0	0	0	NA	0	0	0	NA	0	1	NA	0	0	0	0	0	NA	0	0	NA	0	0	0	1	1	0	1	1	1	0	0	0	0	0	0	0	0	0	0	0	0	0	0
Tc5B(ins)	0	0	0	0	0	0	0	0	0	0	0	0	0	0	0	0	0	0	1	0	0	0	0	0	0	0	0	0	0	0	0	0	0	0	0	0	0	0	0	0	0	0	0	0	0	0	0	0	0	0	0	0	0	0	0	0	0	0	0	0	0	0	0	NA	0	0	0	0	0	0	0	0	0	0	0	0	0	0	0	0	0	0	0	0	0	0	0	0	0	0	0	0	0	0	0	0	0	0	0	0	0	0	0	0	0	0	0	0	0	0	0	0	0	0	0	0	0	0	0	0	0	0	0	0	0	0	0	0	0	0	0	0	0	0	0	0	0	0	0	0	0	0	0	0	0	0	0	0	0	0	0	0
Tc6(ins)	1	0	2	1	1	0	0	2	0	1	0	0	0	1	1	1	1	0	0	1	0	0	0	1	1	1	0	0	0	1	1	0	0	0	0	0	0	0	1	1	1	0	0	0	0	0	0	1	0	0	2	0	0	0	0	0	1	0	1	1	0	0	1	0	0	1	0	0	0	1	0	1	1	1	1	0	0	1	1	0	2	0	1	0	0	0	0	1	2	1	0	NA	0	1	1	0	1	1	3	1	2	3	0	0	2	1	1	0	1	1	0	0	0	1	0	1	1	0	0	0	0	0	0	0	0	0	0	0	NA	0	0	0	1	0	0	0	1	1	1	0	0	1	5	1	0	0	0	1	0	1	1	0
Tc9(ins)	0	0	0	0	0	0	1	4	0	0	0	0	0	0	1	0	1	0	0	0	0	0	2	3	0	NA	0	1	0	0	1	0	0	0	0	0	0	1	0	1	2	0	0	1	0	0	0	1	0	0	0	0	1	1	1	0	0	0	0	1	0	0	1	1	1	0	0	0	0	0	1	0	2	0	0	0	0	0	0	0	0	0	0	0	0	0	0	0	1	0	1	0	0	0	0	1	0	1	1	1	0	2	0	0	2	1	0	0	1	2	0	1	1	0	0	0	0	0	0	0	0	0	1	0	0	0	0	0	0	0	0	0	0	0	0	0	0	0	0	0	0	0	10	0	1	3	1	0	1	1	0	0
WBT00000046(ins)	2	1	3	2	1	1	1	1	2	2	1	1	1	1	1	0	1	1	1	1	0	0	1	2	0	1	2	1	0	1	1	1	0	1	1	1	1	2	1	2	1	2	1	1	0	0	0	0	1	1	1	1	1	0	1	1	3	1	3	3	0	0	2	1	1	0	0	0	1	1	0	0	2	2	1	0	2	2	2	1	2	0	2	0	2	1	2	1	1	1	1	NA	2	0	1	1	0	1	2	1	1	1	0	NA	2	2	0	0	0	1	0	1	0	1	0	0	0	0	0	1	0	1	0	0	0	1	0	0	NA	1	1	0	2	0	1	1	0	0	1	1	1	2	3	1	0	1	0	1	1	1	2	1
WBT00000074(ins)	0	3	3	1	2	0	3	2	1	1	0	2	1	3	0	0	0	0	0	1	1	1	0	1	2	2	0	0	0	2	0	0	1	0	1	2	2	0	1	1	0	1	1	0	1	0	0	0	0	0	0	1	1	2	0	0	2	0	0	0	1	4	1	1	0	0	2	2	2	0	0	2	4	1	1	1	0	2	0	0	3	1	0	1	0	1	0	0	1	0	2	0	0	1	1	0	0	2	1	0	0	1	0	NA	1	1	1	2	1	0	2	2	0	1	0	0	0	1	1	0	3	0	0	1	0	0	0	0	0	0	0	2	2	2	2	1	1	0	0	0	0	0	2	0	1	2	2	4	2	2	0	1
WBT00000084(ins)	0	0	0	0	0	0	0	0	0	0	0	0	0	0	0	0	0	0	0	0	0	0	0	0	0	0	NA	0	0	0	0	0	0	0	0	0	NA	0	1	0	0	0	0	0	0	NA	0	NA	0	0	NA	NA	0	NA	0	0	0	0	0	0	0	0	0	0	0	0	0	NA	0	NA	0	NA	NA	0	0	0	0	0	0	0	0	0	0	0	0	0	1	0	0	0	0	NA	0	NA	0	0	0	0	0	NA	0	0	0	NA	0	NA	NA	NA	0	0	0	0	0	0	0	0	0	0	0	NA	0	NA	0	0	0	0	0	0	NA	0	0	0	0	0	0	0	0	0	0	0	NA	0	0	0	0	0	1	0	0	0	0	0
WBT00000132(ins)	NA	0	0	0	0	NA	0	1	0	0	1	0	0	0	0	0	0	0	0	0	0	0	1	0	0	NA	0	0	0	1	0	0	1	0	0	0	0	1	0	1	0	0	0	0	0	0	0	0	0	0	0	0	0	0	1	1	1	0	0	0	0	0	0	0	0	NA	1	0	0	1	1	0	1	0	0	0	0	1	0	0	0	0	0	0	0	0	0	0	NA	0	0	0	0	0	0	0	0	0	1	0	1	0	0	1	1	0	0	0	0	1	0	0	0	0	0	0	0	0	0	0	0	0	0	0	0	0	0	0	0	0	1	0	NA	1	0	0	1	0	0	0	0	1	NA	0	0	1	NA	0	0	1	0	0
WBT00000134(ins)	0	0	0	0	0	0	0	0	0	0	0	0	NA	0	0	0	0	0	0	0	0	0	0	0	0	0	0	0	0	0	0	0	0	0	0	0	0	0	0	0	0	0	0	0	0	0	0	0	0	0	0	0	0	0	0	0	0	0	0	0	0	0	0	0	0	0	0	0	0	0	0	0	0	0	0	0	0	0	0	0	0	0	0	0	0	0	0	0	0	0	0	0	0	0	0	0	0	0	0	1	0	0	0	0	0	0	0	0	0	0	0	0	0	0	0	0	0	0	0	0	0	0	0	0	0	0	0	0	0	0	0	0	0	0	0	0	0	0	0	0	0	0	NA	0	0	NA	0	0	0	0	0	0
WBT00000207(ins)	0	0	0	0	0	0	0	0	0	0	0	0	0	0	0	0	0	0	0	0	0	0	0	0	0	0	0	0	0	0	0	0	0	0	0	0	0	0	0	0	0	0	0	0	0	0	0	0	0	0	0	0	0	0	0	0	0	0	0	0	0	0	0	0	0	0	0	0	0	0	0	0	0	0	0	0	0	0	0	0	0	0	0	0	0	0	0	0	0	0	0	0	0	0	0	0	0	0	1	0	0	0	0	0	0	0	0	0	0	0	0	0	0	0	0	0	0	0	0	0	0	0	0	0	0	0	0	0	0	0	0	0	0	0	0	0	0	0	0	0	0	0	0	0	0	0	0	0	NA	0	0	0
WBT00000416(ins)	0	0	1	0	0	0	0	0	0	0	0	1	0	0	0	0	1	0	1	0	0	0	0	3	0	1	0	1	0	2	1	0	0	0	0	0	0	0	0	0	1	0	0	0	0	0	0	0	0	1	0	NA	0	1	0	1	0	0	1	1	0	0	0	0	0	0	0	0	0	0	0	0	1	0	1	1	1	0	1	0	0	1	0	0	0	0	0	0	0	0	0	0	0	0	0	0	0	0	3	0	0	2	0	0	0	0	0	0	0	0	0	0	0	0	0	0	0	0	0	0	1	1	0	0	0	0	0	0	0	0	0	0	0	0	0	1	0	0	0	1	1	0	2	0	0	1	2	1	1	0	1	0
WBT00000581(ins)	1	0	NA	0	0	0	0	1	0	0	0	0	0	0	0	0	0	0	0	0	0	0	0	1	0	NA	0	0	0	0	0	0	0	0	0	0	0	0	0	0	0	0	0	0	0	0	0	0	0	NA	NA	0	0	0	0	0	1	0	0	NA	NA	0	NA	0	0	0	0	0	0	0	0	0	0	0	NA	0	0	0	NA	NA	NA	0	NA	0	0	0	0	0	NA	0	0	0	0	0	0	0	0	0	0	0	0	0	0	0	0	0	0	0	0	0	0	0	0	NA	0	0	0	0	0	0	0	0	0	0	0	0	0	0	0	0	0	0	1	0	0	0	0	0	0	0	0	0	NA	0	0	0	0	0	0	0	0	0
WBT00000613(ins)	0	0	0	0	0	0	0	0	0	0	NA	0	0	0	0	0	0	0	0	0	0	0	0	0	0	0	0	0	0	0	0	0	1	0	0	0	0	0	0	0	0	0	0	0	0	0	0	0	0	0	0	0	0	0	0	0	0	NA	0	0	0	0	1	NA	0	0	0	0	0	0	0	0	0	0	0	0	0	0	0	0	0	0	NA	NA	0	0	0	0	1	0	0	0	0	NA	0	0	0	0	0	NA	0	0	0	0	0	0	0	0	0	0	0	0	0	0	0	0	0	0	0	0	0	0	0	0	0	0	0	0	0	0	0	0	0	0	0	0	0	0	0	0	0	0	0	0	0	NA	0	0	0	0	0	0
WBT00000628(ins)	0	0	1	1	0	1	0	0	0	1	0	0	1	0	1	0	0	1	0	0	0	0	0	0	0	0	1	0	1	0	0	0	0	0	1	0	0	0	0	0	0	1	0	1	0	1	0	1	0	0	0	1	0	0	0	0	0	0	0	1	0	0	0	0	0	0	0	0	0	0	0	0	1	0	0	0	NA	0	0	0	1	0	0	0	0	1	0	1	1	1	1	0	1	0	0	1	0	0	0	0	1	0	0	0	1	0	0	0	0	0	0	0	1	0	0	0	0	1	0	0	0	0	1	0	0	1	1	0	1	0	0	0	0	1	0	0	0	0	1	0	0	1	1	1	0	1	0	1	0	0	0	0
WBT00000637(ins)	NA	0	0	0	0	NA	0	0	0	0	0	0	0	0	0	0	0	0	0	0	0	0	0	0	0	NA	0	0	0	0	0	0	0	0	0	0	0	0	0	0	0	0	0	NA	0	0	0	0	0	0	0	0	0	0	0	0	0	0	0	0	0	0	0	0	0	0	0	0	0	0	0	0	0	0	0	0	NA	0	0	0	0	0	0	0	0	0	0	0	0	0	0	0	0	0	0	0	0	0	0	0	0	0	0	0	0	0	0	0	0	0	0	0	0	0	0	0	0	0	0	0	0	0	0	0	0	0	0	0	0	0	0	0	0	1	0	0	0	0	0	0	0	0	NA	0	0	1	0	0	0	0	0	0
WBT00000642(ins)	0	0	0	0	0	0	0	0	0	0	0	0	0	0	0	0	0	0	0	0	0	0	0	0	0	0	0	0	0	0	0	0	1	0	0	0	0	0	0	0	0	0	0	0	0	0	0	0	0	0	0	0	0	0	0	0	0	0	0	0	0	0	0	0	1	NA	0	0	0	0	0	0	0	0	0	0	0	1	0	0	0	0	0	0	0	0	0	0	1	0	0	0	0	0	0	0	0	0	0	1	0	0	0	0	0	1	0	0	0	0	0	0	0	0	0	0	0	0	0	0	0	0	0	0	0	0	0	0	NA	0	0	0	0	0	0	0	0	0	0	0	0	0	0	0	0	NA	0	0	0	0	0	0
WBT00000661(ins)	0	0	0	0	0	0	0	0	0	0	0	0	0	0	0	0	0	0	0	0	0	0	0	1	0	0	0	NA	0	0	0	0	0	0	0	0	0	0	0	0	0	0	0	0	0	0	0	NA	0	0	0	0	0	0	0	0	0	0	0	0	0	0	0	0	0	0	0	0	0	NA	0	0	0	0	0	0	0	0	0	0	0	0	0	0	0	0	0	0	0	0	0	0	0	NA	0	0	0	0	0	0	0	0	0	0	0	0	0	0	0	NA	0	0	NA	0	0	NA	0	0	0	0	NA	0	0	0	0	0	0	0	0	0	0	0	0	0	0	0	0	0	0	0	NA	0	0	0	0	0	0	0	0	0	0	0
WBT00000746(ins)	0	0	0	0	0	0	0	0	0	0	0	0	0	0	0	0	0	0	0	0	0	0	0	0	0	0	0	0	0	0	0	0	0	0	0	0	0	0	1	0	0	0	0	0	0	0	0	0	0	0	0	0	1	0	0	0	1	0	0	0	0	0	0	0	0	0	0	0	0	0	0	1	1	0	0	0	0	0	0	0	0	0	0	0	0	0	0	0	0	0	0	NA	0	0	0	1	0	1	0	0	0	0	0	0	0	0	0	0	0	0	0	0	0	0	0	0	0	0	0	0	0	1	0	1	0	0	0	0	0	0	0	0	1	0	0	0	0	0	0	0	0	0	0	0	0	0	0	0	0	0	0	0
total(ins)	72	30	495	56	60	33	58	129	50	71	70	50	45	89	69	30	95	58	53	45	46	38	59	132	180	112	59	36	44	70	71	77	39	69	42	51	57	39	98	80	76	68	51	45	67	34	30	27	46	52	55	21	66	57	40	77	66	15	94	98	40	70	79	82	76	37	53	20	46	50	49	68	95	47	73	35	58	71	33	27	58	36	18	44	38	72	45	65	103	62	123	29	43	33	55	58	10	60	148	84	75	131	4	35	105	78	45	36	38	56	36	81	37	32	66	61	44	57	69	52	52	45	37	61	59	52	62	22	42	23	42	26	88	45	74	96	53	45	70	71	50	51	283	94	55	106	98	122	92	69	93	39
CEMUDR1(AR)	0	0	0	0	0	0	0	0	0	0	0	0	0	0	0	0	0	0	0	0	0	0	0	0	0	0	0	0	0	0	0	0	0	0	0	0	0	0	0	0	0	0	0	0	0	0	0	NA	0	0	0	0	0	0	0	0	0	0	0	0	0	0	0	0	0	0	0	0	0	0	0	0	0	0	0	0	0	0	0	0	0	0	0	0	0	0	0	0	0	0	0	0	0	0	0	0	0	0	0	0	0	0	0	0	1	0	0	0	0	0	0	0	0	0	0	0	0	0	0	0	0	0	0	0	0	0	0	0	0	0	0	0	0	0	0	0	0	0	0	0	0	0	0	0	0	0	0	0	0	0	0	0
CER1(AR)	0	1	0	0	1	1	1	1	1	1	0	1	1	1	1	1	0	1	1	1	1	1	1	1	0	1	1	1	0	1	1	1	1	1	1	1	1	0	1	1	1	0	1	1	1	1	0	0	1	1	1	0	1	1	1	1	1	0	1	1	0	1	0	1	1	1	1	1	0	1	1	1	1	1	0	1	1	1	0	1	0	1	0	0	1	1	1	1	1	1	1	1	1	1	1	1	0	1	1	1	1	1	0	1	1	1	0	0	1	1	0	1	1	0	1	1	1	1	0	1	1	0	1	1	1	1	1	1	1	1	1	0	1	1	1	1	0	1	1	1	1	1	1	1	1	1	1	1	1	1	1	0
CER4-I(AR)	0	0	0	0	0	1	0	1	1	0	0	1	0	0	0	1	1	1	1	1	0	1	0	0	0	0	0	1	0	0	0	0	1	0	0	1	1	0	0	0	1	0	1	0	0	0	0	1	1	1	1	0	1	0	1	0	0	0	1	1	0	1	1	0	0	0	0	0	1	0	0	0	1	1	1	0	1	0	0	0	0	0	NA	1	0	1	1	0	0	0	0	1	1	1	1	0	0	1	0	0	0	0	0	1	1	1	0	0	1	0	0	0	0	0	0	0	0	0	0	0	0	1	0	0	1	0	1	1	0	0	0	0	1	0	0	1	0	0	1	1	0	1	0	1	1	1	1	1	1	0	1	1
Chapaev-1(AR)	2	NA	2	0	1	3	3	3	1	1	1	1	NA	0	2	NA	2	1	1	1	0	NA	2	2	1	3	3	3	0	0	4	3	1	3	3	1	2	0	2	2	2	0	2	1	1	NA	0	NA	NA	0	2	NA	1	2	2	2	0	1	2	2	2	3	2	2	0	3	1	1	1	NA	2	NA	3	0	1	3	2	1	3	NA	2	2	NA	0	2	2	NA	3	3	2	3	NA	3	1	NA	4	0	4	2	2	3	2	0	NA	1	3	1	1	3	NA	0	3	2	NA	NA	2	NA	NA	3	3	3	2	1	2	NA	NA	3	3	1	NA	NA	0	1	0	1	1	3	1	1	2	NA	4	2	1	3	2	3	4	3	0	3	NA
LINE2C(AR)	0	1	0	1	1	1	1	0	1	1	0	1	1	1	0	0	1	1	0	1	1	0	1	0	0	2	1	1	0	0	1	0	1	0	1	0	1	0	0	0	1	1	1	0	1	1	0	0	0	0	0	1	0	1	1	0	0	0	0	0	0	1	0	0	0	0	1	NA	0	0	0	0	0	0	1	1	0	0	0	0	0	0	0	0	1	1	0	0	0	1	1	0	0	1	1	1	0	0	1	1	1	1	0	1	1	1	0	0	1	0	0	2	1	0	1	0	0	1	1	1	0	0	1	1	0	1	1	1	1	1	0	0	1	1	1	1	0	0	0	1	1	0	2	1	1	0	1	1	0	1	0	1
LINE2D(AR)	0	0	0	0	0	0	0	0	0	0	0	0	0	0	0	0	0	0	0	0	0	NA	0	0	0	1	0	0	0	0	0	0	0	0	0	0	0	0	0	0	0	0	0	0	0	0	0	0	0	0	0	NA	0	0	0	0	0	0	0	0	0	0	0	0	0	NA	0	0	0	0	0	0	0	0	0	0	0	0	0	0	0	0	NA	0	0	0	0	0	0	1	0	0	0	0	0	0	0	0	0	0	0	0	0	0	0	0	0	0	0	0	0	0	0	0	0	0	0	0	0	0	0	0	0	0	0	0	0	0	0	NA	0	0	0	0	0	0	0	0	0	0	0	NA	1	0	0	0	0	0	0	0	0	NA
LINE2E(AR)	0	0	0	0	0	0	0	1	0	0	0	0	1	1	0	0	0	0	0	0	0	0	0	0	0	1	0	0	0	0	0	0	0	0	1	0	0	0	0	0	0	0	0	0	0	0	0	0	0	0	0	0	0	0	0	0	0	0	0	0	0	0	0	0	0	0	0	0	0	0	0	0	0	0	0	0	0	0	0	0	0	0	0	0	0	0	0	0	0	0	0	0	0	0	0	0	0	0	0	0	0	0	0	0	0	0	0	0	0	0	0	0	0	0	0	0	0	0	0	0	1	0	0	0	0	0	1	0	0	0	0	0	0	0	0	1	0	0	0	0	0	0	1	0	0	0	0	0	0	0	0	0
LINE2F(AR)	0	0	0	0	0	0	0	0	0	1	0	0	0	0	0	0	0	0	0	0	0	0	0	0	0	0	0	0	0	0	0	0	0	1	0	0	0	0	0	0	0	0	0	0	0	0	0	0	0	0	0	0	0	0	0	0	0	0	0	0	0	0	0	0	0	0	0	0	0	0	0	0	0	0	0	0	0	0	0	0	0	0	NA	0	0	0	0	0	0	0	0	0	0	0	0	0	0	0	0	0	1	0	0	0	0	0	0	0	0	0	0	0	0	0	0	0	0	0	0	0	0	0	0	0	0	0	0	0	0	0	0	0	0	0	0	0	0	0	0	0	0	0	0	0	0	0	1	0	0	0	0	0
MARINCE1(AR)	1	1	1	0	2	1	1	5	2	1	2	NA	5	4	1	NA	2	1	2	2	3	3	4	3	NA	9	2	NA	1	1	3	2	1	2	NA	0	1	0	2	3	4	0	0	1	1	NA	0	4	3	2	4	NA	2	0	0	3	2	NA	5	4	1	3	3	4	0	NA	4	1	2	2	2	2	3	2	2	2	2	3	1	1	1	NA	NA	1	1	1	2	1	3	1	1	NA	2	3	2	2	0	2	2	2	2	4	0	NA	4	NA	0	0	NA	2	1	2	3	0	2	4	0	1	2	2	NA	3	2	4	4	NA	3	2	2	2	0	0	2	1	2	3	0	2	2	2	1	2	10	2	2	4	4	5	NA	1	1	NA
MARINER2(AR)	5	7	12	6	8	7	10	32	9	10	9	11	14	12	8	11	17	8	10	12	11	10	7	28	2	51	9	8	8	12	7	11	8	12	10	8	10	2	15	11	21	6	5	6	9	11	3	NA	17	15	18	6	12	8	4	15	9	6	25	19	0	18	13	16	10	34	12	5	7	19	12	33	28	10	11	7	13	13	3	16	13	15	NA	6	9	15	17	6	33	15	26	16	6	14	13	13	1	12	20	10	11	24	0	NA	24	28	7	10	6	17	12	36	13	10	26	25	13	19	30	30	35	20	9	23	16	25	22	12	10	5	11	2	17	5	14	20	4	8	8	23	18	10	50	16	12	27	26	20	25	6	15	9
MARINER3(AR)	1	0	0	0	0	0	0	0	0	0	0	0	0	0	0	0	0	0	0	0	0	0	0	0	0	3	1	0	0	0	0	0	0	0	0	0	0	0	0	0	0	0	0	0	0	0	0	0	0	0	1	0	0	0	0	0	0	0	1	1	0	0	0	0	0	0	0	0	0	0	0	1	0	0	0	0	0	1	0	0	0	0	0	0	0	0	0	0	0	0	0	NA	0	0	0	0	0	0	NA	1	0	NA	0	0	1	0	0	0	0	0	0	0	NA	0	0	0	0	0	0	0	0	0	0	2	0	NA	0	0	0	0	0	0	0	0	1	0	0	1	0	1	0	0	3	1	0	2	1	1	1	0	1	0
MARINER4(AR)	1	NA	0	1	1	0	1	0	1	1	0	1	1	1	1	1	1	1	1	1	1	0	1	1	0	NA	1	1	0	1	1	1	1	1	1	1	1	0	1	0	1	1	1	0	1	1	0	NA	0	1	0	0	1	1	1	0	0	0	1	0	0	0	0	1	1	0	0	NA	1	NA	1	0	1	1	0	1	0	1	0	1	0	0	1	0	0	1	1	1	1	1	1	1	1	0	1	1	0	1	0	0	1	1	0	0	0	1	1	0	1	1	NA	NA	1	1	1	NA	0	0	1	NA	0	1	1	1	NA	1	1	0	1	1	1	1	1	1	1	1	0	1	1	1	1	0	1	1	1	0	1	1	1	0	1	1
MAR(AR)	0	0	0	0	0	0	0	0	0	0	0	0	0	0	0	0	0	0	0	0	0	0	0	1	0	0	0	0	0	0	0	0	0	0	0	0	0	0	0	0	0	0	0	0	0	0	0	0	0	0	0	0	0	0	0	0	0	0	0	0	0	0	0	0	0	1	0	0	0	1	0	0	0	0	0	0	0	0	0	0	0	0	0	0	0	0	0	0	1	0	0	0	0	0	0	0	0	0	1	0	0	1	0	0	1	0	0	0	0	0	0	1	0	0	0	1	0	0	0	0	1	0	0	0	0	0	0	0	0	0	0	0	0	0	0	0	0	0	0	0	0	0	0	0	0	0	0	0	0	0	1	0
MIRAGE1(AR)	1	1	3	0	2	1	4	5	2	2	3	NA	2	2	3	2	5	1	3	2	2	4	2	4	1	5	1	4	0	4	3	3	1	3	3	1	3	0	4	2	5	1	3	3	2	NA	0	2	4	4	4	0	4	3	2	4	3	0	4	4	3	1	2	5	0	5	1	1	1	2	1	5	3	3	1	2	3	3	3	4	2	4	3	4	1	2	1	3	1	2	5	NA	0	1	4	2	0	0	4	4	1	5	0	4	4	4	2	1	3	2	1	5	3	3	4	5	2	4	5	5	4	2	1	3	2	4	4	2	4	2	3	0	5	1	3	5	0	3	2	2	2	4	5	3	4	5	5	3	5	1	3	3
RTE1(AR)	1	0	1	0	0	1	1	0	0	0	1	1	0	0	0	0	1	0	NA	0	0	1	0	1	0	NA	1	1	0	0	1	1	0	1	1	0	0	0	1	0	0	0	1	1	0	0	0	1	1	0	1	0	0	1	1	1	0	1	1	1	1	1	1	1	0	1	0	0	0	0	0	1	2	0	1	1	1	0	1	1	1	1	1	0	1	1	1	1	1	1	1	1	1	1	0	1	0	1	1	1	0	1	0	1	1	1	0	0	1	1	0	1	0	0	1	0	1	0	1	1	1	0	0	0	1	1	1	1	0	0	0	0	0	0	0	0	1	0	0	0	0	1	3	0	1	1	1	1	1	0	2	1
TURMOIL1(AR)	0	0	0	0	0	NA	0	0	0	0	0	0	0	0	0	0	0	0	NA	0	0	0	0	0	0	0	0	0	0	0	0	0	0	0	0	0	0	0	0	0	0	0	0	0	0	0	0	0	0	0	0	0	0	0	0	0	0	0	0	0	0	NA	0	0	0	0	0	0	0	0	0	0	0	0	0	0	0	0	0	NA	0	0	0	0	0	0	0	0	0	0	0	0	0	0	0	0	0	0	0	0	0	0	0	NA	1	0	0	0	0	0	0	0	0	0	0	0	0	0	0	0	0	0	0	0	0	0	0	0	0	0	0	0	0	0	0	0	0	0	0	0	0	0	0	0	0	0	0	0	0	0	0	0
Tc1(AR)	3	5	15	3	4	7	5	12	4	3	3	7	3	5	3	8	5	2	3	6	NA	6	4	11	15	21	4	4	1	6	4	7	3	7	7	6	6	2	6	8	9	4	6	6	4	3	2	NA	6	NA	NA	NA	8	4	6	4	4	2	8	6	2	4	1	7	3	14	5	NA	6	10	7	14	10	7	2	6	9	4	3	NA	2	7	NA	3	5	8	9	7	12	5	10	NA	5	6	7	5	0	8	4	5	5	7	1	NA	12	11	5	3	7	9	5	13	6	3	9	13	6	9	12	9	13	7	5	7	6	10	10	6	7	5	5	1	7	2	5	2	3	6	6	7	4	9	22	5	5	8	9	5	10	2	10	NA
Tc1A(AR)	3	4	6	4	3	5	5	6	4	3	2	6	5	5	3	7	6	4	4	4	5	3	6	5	4	11	3	7	4	3	5	5	4	5	5	6	5	2	4	6	7	3	4	5	4	3	3	NA	3	5	0	4	6	4	4	5	2	2	2	3	1	4	5	2	4	NA	5	4	5	8	6	7	4	2	1	4	5	4	3	4	1	4	NA	1	4	3	6	5	8	5	4	4	5	3	5	6	0	6	3	1	3	8	1	2	7	6	3	4	6	6	3	6	5	4	4	7	4	4	4	4	7	2	3	2	3	4	3	4	4	3	2	3	4	5	4	5	3	5	3	7	5	5	12	4	4	3	6	5	4	5	9	6
Tc3(AR)	3	6	0	3	6	5	6	6	6	6	5	5	6	6	5	5	5	5	5	6	5	6	6	6	NA	7	6	6	1	6	4	6	5	6	4	6	5	4	6	6	5	5	6	4	5	6	2	NA	6	6	NA	NA	6	6	6	6	6	NA	6	5	2	5	3	6	6	6	6	6	5	7	6	7	7	6	4	5	6	7	2	6	0	6	NA	2	5	6	6	6	7	6	6	NA	6	NA	6	6	0	6	6	6	5	7	0	NA	5	6	5	NA	6	6	4	5	6	4	6	7	6	6	6	6	7	NA	5	5	7	6	6	NA	5	6	6	1	6	4	6	5	4	6	5	5	6	5	7	6	6	6	6	6	6	4	6	5
Tc4v(AR)	1	2	1	0	4	NA	4	5	4	3	4	NA	4	4	4	NA	5	2	NA	3	3	3	3	4	NA	8	4	4	1	2	3	4	2	4	3	2	2	1	3	3	3	3	3	3	2	3	1	NA	3	NA	4	NA	2	2	3	3	3	NA	5	4	2	3	2	4	2	4	5	2	2	4	3	5	5	3	3	4	5	4	2	4	1	NA	NA	3	3	2	NA	3	5	3	4	4	4	NA	3	2	0	4	NA	4	2	NA	0	NA	4	4	4	2	3	NA	1	5	NA	3	4	5	3	3	5	5	5	3	3	3	4	4	5	4	3	3	3	1	3	2	4	4	2	2	2	2	3	2	8	3	4	NA	3	5	5	2	3	NA
Tc5(AR)	2	2	1	1	2	2	3	4	2	2	3	3	NA	3	3	2	3	2	2	2	3	3	4	3	1	NA	2	3	0	3	3	3	2	3	3	2	2	1	3	3	3	2	3	3	2	2	0	1	3	2	1	NA	3	3	3	3	2	NA	3	3	1	3	1	3	4	4	2	2	2	3	3	5	4	2	2	3	3	2	1	3	1	3	NA	1	2	3	3	2	5	4	3	NA	2	3	2	3	0	3	3	2	2	3	0	2	3	3	3	2	3	3	3	5	3	2	3	3	3	3	4	3	5	1	3	4	3	3	3	3	3	2	NA	0	3	2	2	2	2	3	2	2	3	3	4	2	3	4	3	3	4	2	2	4
Tc6(AR)	1	1	0	0	2	1	2	3	2	2	1	2	2	2	2	NA	2	2	2	2	2	3	2	NA	0	4	2	2	0	2	2	3	2	3	2	1	2	0	3	3	3	2	2	1	2	2	0	NA	3	2	NA	NA	1	2	2	2	1	0	3	2	0	2	0	2	2	NA	2	1	2	3	2	3	4	1	0	1	2	2	0	2	0	1	NA	0	1	2	1	2	3	2	3	NA	2	1	2	2	0	3	1	1	1	1	0	2	5	3	3	1	2	2	1	4	3	2	3	3	2	2	4	3	4	2	2	3	2	3	2	NA	2	NA	2	0	1	2	2	2	0	3	2	2	2	2	3	2	2	4	1	1	NA	2	2	1
Tc9(AR)	0	0	0	0	0	0	0	1	0	0	0	0	0	0	0	0	0	0	0	0	0	0	0	1	0	1	0	0	0	0	0	0	0	0	0	0	1	0	1	0	1	0	0	0	0	0	0	1	0	0	0	0	0	0	0	0	0	0	1	0	0	0	0	0	1	0	0	0	0	0	1	0	0	0	0	0	0	0	0	0	0	0	0	0	0	0	0	0	0	0	0	0	0	0	0	0	0	0	0	0	0	0	0	0	NA	1	0	0	0	0	0	1	1	0	0	0	0	0	0	0	0	1	0	0	1	0	0	0	0	0	0	0	0	0	0	0	0	1	0	0	0	0	1	0	0	0	1	1	1	0	0	0
Vingi-1(AR)	0	1	0	0	0	0	0	1	1	0	0	1	1	0	1	0	1	0	1	0	0	1	0	1	0	0	0	0	0	0	1	1	1	1	1	1	1	0	1	0	0	0	1	0	1	0	0	0	0	1	1	0	1	1	0	1	0	0	1	1	0	1	0	1	0	0	1	1	1	0	1	1	1	0	0	1	0	1	0	0	0	1	NA	0	0	0	0	0	1	1	1	1	1	1	1	1	0	0	0	0	1	0	0	0	0	1	1	1	1	1	0	1	1	1	1	0	1	0	1	0	0	0	0	1	1	1	1	0	1	1	0	1	1	1	1	1	0	0	1	1	1	1	NA	0	0	1	1	0	0	1	1	0
WBT00000074(AR)	1	1	1	1	2	1	2	3	1	2	1	NA	NA	2	NA	NA	3	2	NA	NA	NA	NA	NA	3	0	NA	NA	NA	1	2	1	2	1	2	NA	1	1	1	2	1	2	2	0	1	1	NA	1	NA	2	2	2	NA	1	0	0	2	1	NA	3	3	1	4	3	0	1	3	2	1	1	NA	1	3	4	1	1	1	1	2	1	2	1	1	NA	1	NA	3	3	1	3	2	3	NA	2	NA	2	1	0	2	3	2	1	2	0	NA	3	3	1	2	1	2	1	2	NA	NA	3	2	3	3	3	3	3	1	1	NA	2	3	3	NA	1	1	2	1	2	1	NA	2	1	2	1	3	NA	1	5	3	1	3	1	2	3	1	3	1
WBT00000134(AR)	0	0	1	0	0	0	0	0	0	0	0	0	0	0	1	0	0	0	0	0	0	0	0	0	0	1	0	0	1	0	0	1	0	1	0	0	0	0	0	1	0	0	0	0	0	0	0	0	0	0	0	0	0	0	0	0	0	0	0	0	0	1	1	0	0	0	0	0	1	1	1	1	1	0	0	0	1	0	0	0	1	0	NA	0	1	0	0	0	1	1	1	0	0	1	0	0	0	0	0	0	1	0	0	NA	1	0	0	0	0	0	0	0	1	0	1	1	0	0	0	1	0	0	0	0	0	1	1	1	1	0	0	0	0	0	0	0	0	0	0	0	0	0	1	0	0	0	0	0	0	0	0	1
WBT00000212(AR)	0	0	0	0	0	0	0	0	0	0	0	0	0	0	0	0	0	0	0	0	0	0	0	0	0	0	0	0	0	0	0	0	0	0	0	0	0	0	0	0	0	0	0	0	0	0	0	0	0	0	0	0	0	0	0	0	0	0	0	0	0	0	0	0	0	0	0	0	0	0	0	0	0	0	0	0	0	0	0	0	0	0	NA	0	0	0	0	0	0	0	0	0	0	0	0	0	0	0	0	0	0	0	0	0	0	0	0	0	0	0	0	1	0	0	0	0	0	0	0	0	0	0	0	0	0	0	0	0	0	0	0	0	0	0	0	0	0	0	0	0	0	0	0	0	0	0	0	0	0	0	0	0
WBT00000416(AR)	0	0	0	0	0	0	0	1	0	0	0	0	0	0	0	0	0	0	NA	0	0	1	0	1	0	1	0	0	0	1	0	0	0	0	0	0	1	0	1	1	1	0	0	0	0	1	0	1	1	0	1	0	1	0	0	0	0	0	1	0	0	0	0	0	0	1	0	0	0	1	0	1	1	0	0	0	0	0	0	0	0	0	0	0	0	0	0	0	0	0	1	0	0	0	0	0	0	1	0	0	0	0	0	0	0	0	1	0	0	1	0	0	0	0	1	1	0	0	1	0	1	1	0	1	0	1	0	0	0	0	0	0	0	0	0	0	0	1	0	0	0	1	0	0	0	0	0	0	0	0	0	0
WBT00000425(AR)	0	0	0	0	0	0	0	0	0	0	0	0	0	0	0	0	0	0	0	0	0	0	0	0	0	0	0	0	0	0	0	0	0	0	0	0	0	0	0	0	0	0	0	0	0	0	0	0	0	0	0	0	0	0	0	0	0	0	0	0	0	0	0	0	0	0	0	0	0	0	0	0	0	0	0	0	0	0	0	0	0	0	0	0	0	0	0	0	0	0	0	0	0	0	0	0	0	0	0	0	0	0	0	0	0	0	0	0	0	0	0	0	0	0	0	0	0	0	0	0	0	0	0	0	0	0	0	0	0	0	0	0	0	0	0	0	0	0	0	0	0	0	1	0	0	0	0	0	0	0	0	0
WBT00000581(AR)	0	0	0	0	0	0	0	0	0	0	0	0	0	0	0	0	0	0	0	0	0	0	0	0	0	0	0	0	0	0	0	0	0	0	0	0	0	0	0	0	0	0	0	0	0	0	0	0	0	0	0	NA	0	0	0	0	0	0	0	0	0	0	0	0	0	0	0	0	0	0	0	0	0	0	0	0	0	0	0	0	0	0	0	0	0	0	0	0	0	0	0	0	0	0	0	0	0	0	0	0	0	0	0	0	0	0	0	0	0	0	0	0	0	0	0	0	0	0	0	0	0	0	0	0	0	0	0	0	0	0	0	0	0	1	0	0	0	0	0	0	0	0	0	0	0	0	0	0	0	0	0	0
WBT00000617(AR)	0	0	1	0	0	0	0	1	0	0	1	0	0	0	0	0	0	0	0	0	0	0	0	1	0	1	0	0	1	0	0	0	0	0	0	0	0	0	0	0	1	0	0	0	0	0	0	1	1	1	1	0	0	0	0	1	0	1	1	1	0	1	1	1	0	1	1	0	0	NA	0	0	1	0	1	0	0	0	0	1	1	1	1	1	0	1	1	0	1	1	1	NA	0	1	1	0	0	0	1	0	0	1	0	NA	1	1	0	1	0	1	1	1	0	1	1	0	NA	0	NA	NA	1	1	0	1	1	1	1	0	0	0	1	0	1	0	0	1	0	0	0	1	1	0	1	0	0	1	1	1	1	0	0	0
WBT00000634(AR)	0	0	0	0	0	0	0	NA	0	0	0	1	1	1	0	0	NA	0	0	1	1	0	0	NA	0	1	1	0	0	0	0	0	0	0	0	0	NA	0	0	0	0	0	0	0	0	NA	0	1	1	0	0	0	0	0	0	1	0	0	1	0	0	0	0	0	0	0	0	0	0	NA	NA	0	0	0	0	0	0	1	0	1	0	0	NA	0	0	1	1	0	0	0	0	0	0	0	0	0	0	0	1	1	0	1	0	0	0	0	0	0	1	0	0	0	NA	0	0	0	0	0	0	0	0	0	0	NA	NA	0	0	0	0	0	0	0	0	0	0	1	0	1	0	1	0	0	1	1	0	1	0	0	1	0	0	0
WBT00000661(AR)	0	0	0	0	0	0	1	0	0	0	0	0	0	0	0	0	0	0	0	0	0	0	0	0	0	1	0	0	0	0	0	0	0	0	NA	0	0	0	0	0	0	0	0	0	0	0	0	NA	0	0	0	NA	0	0	0	0	0	0	0	0	0	0	0	0	0	NA	0	0	NA	0	0	0	0	0	0	0	0	0	0	0	0	0	0	1	0	0	0	0	0	NA	0	NA	0	0	0	0	0	0	0	0	0	0	0	NA	0	NA	0	0	0	0	0	0	0	0	0	0	0	0	0	0	0	0	NA	0	0	0	0	NA	0	0	0	0	0	0	0	0	0	0	0	NA	0	0	1	0	0	0	0	0	NA	0	0	0
WBT00000665(AR)	0	1	0	1	1	1	1	0	1	1	0	1	1	1	0	0	1	1	0	1	1	0	1	0	0	1	1	1	0	0	1	0	1	0	1	0	1	0	0	0	1	1	1	0	1	1	0	0	0	1	0	1	0	1	1	0	0	0	1	0	0	1	0	0	0	0	1	NA	0	0	0	0	0	1	1	1	1	0	0	0	0	0	NA	0	1	1	0	0	0	1	1	0	0	1	1	1	0	0	1	1	1	1	0	1	1	1	0	0	1	0	0	1	1	0	1	0	0	1	1	1	NA	0	1	1	0	1	1	1	1	NA	0	0	1	1	1	1	0	0	0	1	1	0	1	1	1	0	1	1	0	1	0	1
WBT00000746(AR)	0	0	0	0	0	0	0	0	0	0	0	0	0	1	0	0	0	0	0	0	0	0	NA	0	0	0	0	0	0	0	0	NA	0	NA	0	0	0	0	0	0	0	0	0	0	0	0	0	0	0	0	0	0	0	0	0	0	0	0	0	0	0	0	0	0	0	1	0	0	0	1	0	1	0	0	0	0	0	0	0	0	0	0	0	0	0	0	0	0	1	0	1	0	0	0	0	0	0	0	0	0	0	0	0	0	0	0	0	0	0	0	0	0	0	0	0	1	0	0	0	0	1	0	0	0	0	0	0	0	0	0	0	0	0	0	0	0	0	0	0	0	0	0	0	NA	0	0	NA	NA	0	0	0	0
total(AR)	26	35	45	21	40	40	51	91	43	40	36	51	51	52	39	44	61	35	39	48	43	49	45	80	24	144	45	50	19	44	45	54	36	56	49	38	47	13	56	51	72	31	41	36	38	41	12	38	58	51	51	24	51	40	38	54	34	19	77	61	16	58	39	56	35	90	50	30	38	65	50	93	84	41	33	44	56	50	23	54	27	54	24	25	39	55	61	42	91	56	78	53	42	52	53	52	1	55	58	45	43	75	2	44	83	83	37	32	49	59	33	96	55	35	75	81	46	58	84	78	96	50	39	67	56	74	74	49	48	35	40	11	58	31	51	60	23	47	38	66	54	52	147	54	52	77	78	68	78	30	65	44
coverage	116.65	33.77	122.47	297.43	179.17	68.59	65.19	183.6	96.58	268.65	116.82	52.82	41.57	135.47	66.32	50.26	166.27	98.29	72.41	60.31	50.55	37.7	80.7	128.77	56.52	30.85	94.1	50.52	59.83	129.75	162.41	120.96	83.21	147.81	83.51	146.31	102.13	67.72	53.45	96.67	47.72	111.22	98.4	63.89	96.43	45.65	150.44	41.81	61.91	60.74	55.76	21.11	114.51	113.46	54.53	115.17	102.15	67.27	151.06	162.6	125.49	61.72	72.55	52.91	101.24	23.72	108.26	27.9	38.66	24.1	38.82	32.57	127.2	146.64	203.7	87.35	68.66	164.8	84.66	42.56	97.81	62.2	31.07	68.12	44.71	103.64	62.57	82.15	91.37	88.23	147.36	29.98	63.23	36.11	89.11	96.63	111.27	71.73	153.23	139.76	186.61	157.74	145.59	38.79	167.31	85.79	68.39	45.26	118.84	75.45	34.87	36.47	27.75	31.61	52.31	36.24	27.14	38.67	41.4	31.49	27.67	33.5	77.2	38.23	45.1	33.48	66.86	29.05	27.86	26.43	35.37	70.39	119.5	65.23	55.8	59.64	87.99	30.4	232.49	82.91	49.89	34.27	299.53	244.49	66.87	86.72	110.07	61.95	75.72	141.73	541.45	48.34
total_dnatransposon(ins)	66	27	491	52	52	30	53	119	45	62	60	43	37	81	56	26	87	50	44	39	41	34	54	114	179	99	51	32	41	64	65	71	33	63	38	48	52	32	87	75	69	61	47	39	58	28	29	24	42	43	51	17	60	50	33	66	59	13	85	88	36	67	73	71	69	32	47	19	38	41	42	61	86	43	66	32	52	59	31	21	55	30	15	40	37	66	39	58	91	52	109	20	38	29	52	49	10	51	128	71	67	120	4	32	96	69	38	29	35	45	28	73	33	30	59	55	39	48	63	47	50	43	35	58	51	45	53	18	32	20	38	25	77	40	66	89	42	40	59	63	45	44	248	84	49	92	84	108	83	63	85	32
total_unknown(AR)	0	1	2	1	1	1	2	1	1	1	1	2	2	3	1	0	1	1	0	2	2	0	1	1	0	5	2	1	2	0	1	1	1	1	1	0	1	0	0	1	2	1	1	0	1	1	0	2	2	2	1	1	0	1	1	2	0	1	3	1	0	3	2	1	0	2	2	0	1	2	1	2	2	1	2	1	2	1	0	2	2	1	1	2	2	3	2	0	3	3	4	0	0	3	2	1	0	0	3	2	2	3	0	1	3	2	0	1	2	1	1	3	2	1	3	2	0	1	1	2	2	1	1	2	1	3	3	2	2	0	1	0	2	2	1	3	0	1	0	3	2	0	5	2	1	2	2	2	2	1	0	2
total_unknown(ins)	1	0	1	1	0	2	0	2	0	1	1	0	1	0	1	0	0	1	0	0	0	0	1	2	0	0	1	0	1	1	0	0	3	0	1	0	0	1	1	1	0	1	0	1	0	1	0	1	0	0	0	1	1	0	1	1	3	0	0	1	0	0	1	0	1	0	1	0	0	1	1	1	3	0	0	0	0	2	0	0	1	0	0	0	0	1	0	1	3	1	1	0	1	0	0	2	0	1	2	2	2	0	0	1	2	1	0	0	0	1	0	0	1	0	0	0	0	1	0	0	0	1	1	1	0	1	1	0	1	0	1	0	2	2	0	0	1	0	1	0	0	2	3	1	0	2	0	1	0	1	0	0
total_retrotransposon(AR)	1	3	1	1	2	4	3	4	4	3	1	5	4	3	2	2	4	3	3	3	2	4	2	3	0	6	3	4	0	1	4	3	4	4	5	3	4	0	3	1	3	1	5	2	3	2	0	2	3	3	4	1	3	4	4	3	1	1	4	4	1	5	2	3	1	2	3	2	2	1	2	3	5	2	3	4	3	2	1	2	1	3	1	1	3	4	3	2	3	5	4	4	4	5	4	4	0	3	3	3	4	3	0	4	4	5	1	1	5	3	0	5	3	1	4	1	3	2	3	3	3	1	2	3	4	4	6	4	3	3	1	1	4	3	3	5	1	1	3	4	3	4	9	3	4	4	6	4	3	3	5	3
total_retrotransposon(ins)	5	3	3	3	8	1	5	8	5	8	9	7	7	8	12	4	8	7	9	6	5	4	4	16	1	13	7	4	2	5	6	6	3	6	3	3	5	6	10	4	7	6	4	5	9	5	1	2	4	9	4	3	5	7	6	10	4	2	9	9	4	3	5	11	6	5	5	1	8	8	6	6	6	4	7	3	6	10	2	6	2	6	3	4	1	5	6	6	9	9	13	9	4	4	3	7	0	8	18	11	6	11	0	2	7	8	7	7	3	10	8	8	3	2	7	6	5	8	6	5	2	1	1	2	8	6	8	4	9	3	3	1	9	3	8	7	10	5	10	8	5	5	32	9	6	12	14	13	9	5	8	7
total_dnatransposon(AR)	25	31	42	19	37	35	46	86	38	36	34	44	45	46	36	42	56	31	36	43	39	45	42	76	24	133	40	45	17	43	40	50	31	51	43	35	42	13	53	49	67	29	35	34	34	38	12	34	53	46	46	22	48	35	33	49	33	17	70	56	15	50	35	52	34	86	45	28	35	62	47	88	77	38	28	39	51	47	22	50	24	50	22	22	34	48	56	40	85	48	70	49	38	44	47	47	1	52	52	40	37	69	2	39	76	76	36	30	42	55	32	88	50	33	68	78	43	55	80	73	91	48	36	62	51	67	65	43	43	32	38	10	52	26	47	52	22	45	35	59	49	48	133	49	47	71	70	62	73	26	60	39
Tc1A(all)	10.0	8.0	19.0	8.0	10.0	7.0	8.0	8.0	9.0	10.0	11.0	7.0	8.0	9.0	10.0	6.0	7.0	9.0	9.0	9.0	8.0	9.0	7.0	12.0	8.0	2.0	10.0	6.0	9.0	9.0	8.0	8.0	9.0	8.0	8.0	6.0	7.0	10.0	10.0	7.0	9.0	10.0	8.0	7.0	8.0	9.0	9.0	NA	9.0	8.0	13.0	8.0	6.0	9.0	9.0	8.0	11.0	11.0	12.0	10.0	11.0	8.0	7.0	11.0	9.0	NA	9.0	8.0	7.0	6.0	7.0	5.0	11.0	11.0	12.0	8.0	7.0	9.0	9.0	10.0	11.0	8.0	NA	12.0	8.0	11.0	8.0	8.0	9.0	10.0	11.0	8.0	8.0	9.0	9.0	8.0	12.0	6.0	10.0	11.0	11.0	7.0	11.0	10.0	7.0	8.0	9.0	9.0	7.0	8.0	11.0	6.0	9.0	9.0	10.0	7.0	8.0	11.0	12.0	10.0	4.0	12.0	12.0	13.0	13.0	9.0	13.0	9.0	9.0	11.0	12.0	9.0	9.0	7.0	10.0	8.0	9.0	7.0	9.0	6.0	7.0	8.0	3.0	10.0	8.0	10.0	8.0	8.0	8.0	7.0	5.0	6.0
WBT00000134(all)	1.0	1.0	0.0	1.0	1.0	1.0	1.0	1.0	1.0	1.0	1.0	1.0	NA	1.0	0.0	1.0	1.0	1.0	1.0	1.0	1.0	1.0	1.0	1.0	1.0	0.0	1.0	1.0	0.0	1.0	1.0	0.0	1.0	0.0	1.0	1.0	1.0	1.0	1.0	0.0	1.0	1.0	1.0	1.0	1.0	1.0	1.0	1.0	1.0	1.0	1.0	1.0	1.0	1.0	1.0	1.0	1.0	1.0	1.0	1.0	1.0	0.0	0.0	1.0	1.0	1.0	1.0	1.0	0.0	0.0	0.0	0.0	0.0	1.0	1.0	1.0	0.0	1.0	1.0	1.0	0.0	1.0	NA	1.0	0.0	1.0	1.0	1.0	0.0	0.0	0.0	1.0	1.0	0.0	1.0	1.0	1.0	1.0	1.0	2.0	0.0	1.0	1.0	NA	0.0	1.0	1.0	1.0	1.0	1.0	1.0	1.0	0.0	1.0	0.0	0.0	1.0	1.0	1.0	0.0	1.0	1.0	1.0	1.0	1.0	0.0	0.0	0.0	0.0	1.0	1.0	1.0	1.0	1.0	1.0	1.0	1.0	1.0	1.0	1.0	1.0	1.0	NA	1.0	1.0	NA	1.0	1.0	1.0	1.0	1.0	0.0
MIRAGE1(all)	6.0	9.0	2.0	7.0	8.0	6.0	6.0	5.0	5.0	6.0	6.0	NA	6.0	4.0	4.0	4.0	3.0	8.0	3.0	6.0	4.0	8.0	8.0	8.0	4.0	2.0	7.0	3.0	5.0	6.0	6.0	7.0	6.0	7.0	5.0	6.0	7.0	6.0	6.0	10.0	8.0	7.0	5.0	4.0	8.0	NA	5.0	6.0	8.0	8.0	5.0	8.0	8.0	3.0	5.0	5.0	4.0	6.0	6.0	11.0	3.0	11.0	4.0	6.0	6.0	4.0	9.0	6.0	8.0	9.0	7.0	10.0	11.0	4.0	10.0	7.0	10.0	5.0	6.0	5.0	6.0	5.0	4.0	3.0	11.0	9.0	5.0	5.0	12.0	7.0	9.0	NA	10.0	11.0	5.0	7.0	5.0	8.0	9.0	4.0	8.0	7.0	5.0	4.0	5.0	12.0	5.0	5.0	5.0	7.0	4.0	10.0	7.0	3.0	8.0	8.0	5.0	7.0	7.0	6.0	4.0	7.0	8.0	8.0	9.0	10.0	6.0	5.0	4.0	6.0	6.0	6.0	4.0	7.0	6.0	4.0	6.0	8.0	5.0	8.0	8.0	4.0	2.0	8.0	8.0	3.0	5.0	9.0	5.0	6.0	6.0	5.0
WBT00000581(all)	2.0	1.0	NA	1.0	1.0	1.0	1.0	2.0	1.0	1.0	1.0	1.0	1.0	1.0	1.0	1.0	1.0	1.0	1.0	1.0	1.0	1.0	1.0	2.0	1.0	NA	1.0	1.0	1.0	1.0	1.0	1.0	1.0	1.0	1.0	1.0	1.0	1.0	1.0	1.0	1.0	1.0	1.0	1.0	1.0	1.0	1.0	1.0	1.0	NA	NA	NA	1.0	1.0	1.0	1.0	2.0	1.0	1.0	NA	NA	1.0	NA	1.0	1.0	1.0	1.0	1.0	1.0	1.0	1.0	1.0	1.0	1.0	NA	1.0	1.0	1.0	NA	NA	NA	1.0	NA	1.0	1.0	1.0	1.0	1.0	NA	1.0	1.0	1.0	1.0	1.0	1.0	1.0	1.0	1.0	1.0	1.0	1.0	1.0	1.0	1.0	1.0	1.0	1.0	1.0	1.0	1.0	1.0	1.0	1.0	NA	1.0	1.0	1.0	1.0	1.0	1.0	1.0	1.0	1.0	1.0	1.0	1.0	1.0	1.0	1.0	1.0	1.0	1.0	2.0	0.0	1.0	1.0	1.0	1.0	1.0	1.0	1.0	1.0	NA	1.0	1.0	1.0	1.0	1.0	1.0	1.0	1.0	1.0
LINE2F(all)	1.0	1.0	1.0	1.0	1.0	1.0	1.0	1.0	1.0	0.0	1.0	1.0	1.0	1.0	1.0	1.0	1.0	1.0	1.0	1.0	1.0	1.0	1.0	1.0	1.0	1.0	1.0	1.0	1.0	1.0	1.0	1.0	1.0	0.0	1.0	1.0	1.0	1.0	1.0	1.0	1.0	1.0	1.0	1.0	1.0	1.0	1.0	1.0	1.0	1.0	1.0	1.0	1.0	1.0	1.0	1.0	1.0	1.0	1.0	1.0	1.0	1.0	1.0	1.0	1.0	1.0	1.0	1.0	1.0	1.0	1.0	1.0	1.0	1.0	1.0	1.0	1.0	1.0	1.0	1.0	1.0	1.0	NA	1.0	1.0	1.0	1.0	1.0	1.0	1.0	2.0	1.0	1.0	1.0	1.0	1.0	1.0	1.0	1.0	1.0	0.0	1.0	1.0	1.0	1.0	1.0	1.0	1.0	1.0	1.0	1.0	1.0	1.0	1.0	1.0	2.0	1.0	1.0	1.0	1.0	1.0	1.0	1.0	1.0	1.0	1.0	2.0	1.0	2.0	1.0	1.0	1.0	1.0	1.0	1.0	1.0	1.0	1.0	1.0	1.0	1.0	1.0	2.0	1.0	1.0	1.0	0.0	1.0	1.0	1.0	1.0	1.0
LINE2D(all)	1.0	1.0	1.0	1.0	1.0	1.0	1.0	1.0	1.0	1.0	1.0	1.0	1.0	1.0	1.0	NA	1.0	1.0	2.0	1.0	1.0	NA	1.0	1.0	1.0	NA	1.0	1.0	1.0	1.0	1.0	1.0	1.0	1.0	1.0	1.0	1.0	1.0	1.0	1.0	2.0	1.0	2.0	1.0	3.0	1.0	1.0	1.0	1.0	1.0	1.0	NA	1.0	1.0	1.0	1.0	1.0	1.0	1.0	1.0	1.0	1.0	1.0	NA	1.0	NA	NA	1.0	1.0	1.0	1.0	1.0	2.0	1.0	1.0	1.0	1.0	1.0	1.0	1.0	1.0	1.0	NA	1.0	1.0	1.0	1.0	1.0	1.0	0.0	1.0	1.0	1.0	1.0	1.0	1.0	1.0	2.0	1.0	1.0	1.0	NA	1.0	1.0	1.0	1.0	2.0	1.0	1.0	1.0	1.0	1.0	1.0	1.0	1.0	1.0	1.0	1.0	1.0	1.0	1.0	1.0	1.0	1.0	1.0	1.0	1.0	1.0	2.0	NA	NA	1.0	1.0	2.0	1.0	1.0	1.0	1.0	2.0	1.0	1.0	NA	NA	1.0	1.0	1.0	1.0	NA	NA	2.0	1.0	NA
LINE2E(all)	1.0	1.0	1.0	1.0	1.0	1.0	1.0	0.0	1.0	1.0	1.0	1.0	0.0	0.0	1.0	1.0	1.0	1.0	1.0	1.0	1.0	1.0	1.0	1.0	1.0	NA	1.0	1.0	1.0	1.0	1.0	1.0	1.0	1.0	0.0	1.0	1.0	1.0	1.0	1.0	1.0	1.0	1.0	1.0	1.0	1.0	1.0	1.0	1.0	1.0	1.0	1.0	1.0	1.0	1.0	1.0	1.0	1.0	1.0	1.0	1.0	1.0	1.0	1.0	1.0	1.0	1.0	1.0	1.0	1.0	1.0	1.0	1.0	1.0	1.0	1.0	1.0	1.0	1.0	1.0	1.0	1.0	1.0	1.0	1.0	1.0	1.0	1.0	1.0	1.0	1.0	1.0	1.0	1.0	1.0	1.0	1.0	1.0	1.0	1.0	1.0	1.0	1.0	1.0	1.0	1.0	1.0	1.0	1.0	1.0	1.0	1.0	1.0	1.0	1.0	1.0	1.0	1.0	1.0	1.0	0.0	1.0	1.0	1.0	1.0	1.0	0.0	1.0	1.0	1.0	1.0	1.0	1.0	1.0	1.0	0.0	1.0	1.0	1.0	1.0	1.0	1.0	1.0	1.0	1.0	1.0	1.0	1.0	1.0	1.0	1.0	1.0
RTE1(all)	2.0	3.0	3.0	3.0	3.0	2.0	2.0	3.0	3.0	3.0	2.0	2.0	3.0	3.0	3.0	3.0	2.0	3.0	NA	3.0	3.0	2.0	3.0	2.0	3.0	NA	2.0	2.0	3.0	3.0	2.0	2.0	3.0	2.0	2.0	3.0	3.0	3.0	2.0	3.0	3.0	3.0	2.0	3.0	4.0	3.0	3.0	3.0	2.0	3.0	2.0	3.0	3.0	2.0	2.0	2.0	3.0	2.0	2.0	2.0	2.0	2.0	2.0	2.0	3.0	2.0	3.0	3.0	3.0	3.0	3.0	2.0	1.0	3.0	2.0	2.0	2.0	3.0	3.0	2.0	3.0	2.0	3.0	3.0	2.0	2.0	2.0	2.0	2.0	2.0	2.0	2.0	2.0	2.0	3.0	2.0	3.0	3.0	2.0	2.0	3.0	2.0	3.0	2.0	2.0	2.0	3.0	3.0	2.0	2.0	3.0	2.0	3.0	3.0	2.0	3.0	2.0	3.0	2.0	2.0	2.0	3.0	3.0	3.0	2.0	2.0	2.0	2.0	3.0	3.0	3.0	3.0	4.0	3.0	3.0	3.0	2.0	3.0	3.0	3.0	3.0	2.0	1.0	3.0	2.0	3.0	3.0	3.0	2.0	3.0	1.0	2.0
LINE2C(all)	NA	1.0	2.0	1.0	1.0	1.0	1.0	3.0	1.0	1.0	2.0	1.0	1.0	1.0	2.0	2.0	NA	1.0	2.0	1.0	1.0	2.0	1.0	3.0	2.0	NA	1.0	1.0	3.0	2.0	1.0	3.0	1.0	3.0	1.0	2.0	1.0	2.0	2.0	2.0	1.0	1.0	1.0	2.0	2.0	1.0	2.0	2.0	2.0	2.0	2.0	1.0	2.0	1.0	NA	NA	2.0	2.0	2.0	2.0	2.0	1.0	3.0	NA	2.0	2.0	2.0	NA	2.0	2.0	2.0	2.0	2.0	2.0	3.0	1.0	2.0	2.0	2.0	2.0	2.0	2.0	NA	2.0	1.0	1.0	2.0	NA	2.0	2.0	2.0	2.0	2.0	1.0	1.0	1.0	2.0	2.0	3.0	1.0	1.0	2.0	2.0	1.0	1.0	1.0	2.0	2.0	1.0	3.0	3.0	0.0	NA	2.0	1.0	2.0	2.0	1.0	1.0	NA	2.0	2.0	1.0	1.0	2.0	1.0	2.0	1.0	1.0	NA	2.0	2.0	1.0	1.0	NA	NA	2.0	2.0	3.0	1.0	1.0	2.0	2.0	1.0	1.0	2.0	NA	1.0	2.0	2.0	3.0	1.0
MARINER4(all)	1.0	NA	2.0	1.0	1.0	2.0	2.0	2.0	1.0	1.0	2.0	2.0	1.0	1.0	1.0	2.0	1.0	1.0	2.0	1.0	2.0	2.0	1.0	NA	2.0	NA	1.0	1.0	NA	1.0	1.0	NA	1.0	NA	1.0	1.0	1.0	2.0	1.0	3.0	1.0	1.0	1.0	2.0	1.0	1.0	2.0	NA	2.0	1.0	2.0	2.0	1.0	1.0	1.0	2.0	2.0	2.0	2.0	3.0	2.0	2.0	2.0	1.0	1.0	2.0	NA	NA	1.0	NA	1.0	2.0	NA	1.0	NA	1.0	2.0	2.0	2.0	1.0	2.0	2.0	1.0	2.0	2.0	1.0	1.0	1.0	1.0	NA	2.0	1.0	1.0	NA	1.0	1.0	2.0	1.0	3.0	2.0	1.0	2.0	2.0	2.0	2.0	1.0	1.0	2.0	1.0	1.0	NA	NA	NA	NA	1.0	NA	3.0	2.0	1.0	NA	2.0	1.0	1.0	NA	NA	NA	1.0	NA	NA	NA	1.0	1.0	1.0	NA	1.0	NA	2.0	1.0	1.0	NA	1.0	2.0	3.0	1.0	1.0	4.0	NA	3.0	NA	NA	1.0	1.0
total_dnatransposon(all)	197.0	146.0	605.0	189.0	171.0	147.0	160.0	189.0	163.0	182.0	182.0	145.0	141.0	191.0	175.0	127.0	187.0	175.0	157.0	148.0	153.0	140.0	165.0	193.0	300.0	112.0	166.0	136.0	180.0	177.0	181.0	177.0	155.0	168.0	149.0	169.0	166.0	175.0	189.0	182.0	158.0	188.0	167.0	161.0	180.0	140.0	173.0	118.0	141.0	145.0	155.0	134.0	168.0	171.0	156.0	172.0	182.0	139.0	171.0	188.0	177.0	169.0	193.0	175.0	191.0	95.0	158.0	140.0	158.0	128.0	150.0	124.0	165.0	161.0	194.0	149.0	156.0	168.0	165.0	117.0	187.0	130.0	107.0	173.0	155.0	174.0	136.0	174.0	162.0	160.0	195.0	103.0	154.0	130.0	159.0	158.0	165.0	152.0	230.0	187.0	186.0	205.0	158.0	124.0	174.0	147.0	158.0	149.0	147.0	142.0	149.0	137.0	133.0	149.0	145.0	131.0	147.0	148.0	138.0	128.0	109.0	149.0	155.0	147.0	152.0	129.0	144.0	127.0	143.0	134.0	152.0	171.0	181.0	170.0	173.0	191.0	176.0	149.0	180.0	159.0	148.0	150.0	270.0	191.0	158.0	173.0	170.0	199.0	161.0	193.0	181.0	136.0
MARINER2(all)	63.0	51.0	54.0	57.0	51.0	53.0	47.0	50.0	52.0	51.0	63.0	51.0	50.0	55.0	56.0	48.0	57.0	54.0	55.0	48.0	50.0	52.0	65.0	50.0	53.0	23.0	63.0	54.0	59.0	52.0	60.0	56.0	52.0	54.0	54.0	57.0	55.0	58.0	54.0	61.0	49.0	56.0	56.0	59.0	55.0	48.0	58.0	NA	46.0	50.0	43.0	48.0	57.0	55.0	58.0	53.0	51.0	51.0	46.0	52.0	62.0	56.0	63.0	64.0	55.0	27.0	51.0	49.0	56.0	41.0	52.0	32.0	46.0	49.0	61.0	56.0	55.0	56.0	57.0	41.0	55.0	48.0	NA	56.0	55.0	53.0	50.0	62.0	45.0	50.0	47.0	39.0	56.0	39.0	54.0	54.0	55.0	47.0	57.0	65.0	54.0	60.0	56.0	NA	52.0	46.0	56.0	51.0	56.0	48.0	48.0	32.0	48.0	52.0	42.0	42.0	48.0	46.0	39.0	31.0	27.0	44.0	52.0	42.0	50.0	39.0	47.0	46.0	52.0	48.0	51.0	58.0	52.0	57.0	51.0	57.0	58.0	53.0	55.0	49.0	48.0	53.0	53.0	56.0	51.0	45.0	51.0	60.0	52.0	57.0	59.0	51.0
MARINER3(all)	4.0	6.0	5.0	5.0	5.0	5.0	5.0	5.0	5.0	5.0	5.0	5.0	5.0	5.0	5.0	5.0	5.0	5.0	6.0	5.0	5.0	5.0	5.0	5.0	5.0	2.0	4.0	5.0	5.0	5.0	6.0	5.0	5.0	5.0	5.0	5.0	5.0	5.0	6.0	5.0	5.0	5.0	6.0	5.0	6.0	5.0	5.0	5.0	5.0	5.0	6.0	5.0	6.0	6.0	5.0	5.0	5.0	5.0	4.0	4.0	5.0	5.0	5.0	5.0	6.0	NA	5.0	5.0	5.0	5.0	5.0	5.0	5.0	5.0	5.0	5.0	6.0	4.0	5.0	5.0	6.0	5.0	5.0	6.0	5.0	6.0	6.0	5.0	5.0	5.0	6.0	NA	6.0	5.0	5.0	5.0	5.0	5.0	NA	4.0	6.0	NA	5.0	6.0	4.0	5.0	5.0	5.0	5.0	6.0	5.0	6.0	NA	5.0	5.0	5.0	5.0	5.0	5.0	6.0	NA	5.0	5.0	3.0	5.0	NA	7.0	6.0	5.0	6.0	6.0	5.0	5.0	5.0	4.0	5.0	5.0	4.0	5.0	4.0	5.0	6.0	5.0	5.0	5.0	3.0	4.0	4.0	4.0	6.0	4.0	5.0
Chapaev-1(all)	4.0	NA	2.0	4.0	4.0	1.0	2.0	1.0	4.0	4.0	4.0	6.0	NA	7.0	2.0	NA	3.0	4.0	6.0	4.0	4.0	NA	5.0	2.0	3.0	2.0	1.0	1.0	4.0	4.0	2.0	2.0	3.0	2.0	1.0	5.0	3.0	4.0	4.0	3.0	2.0	4.0	3.0	3.0	3.0	NA	4.0	NA	NA	4.0	3.0	NA	3.0	2.0	2.0	2.0	4.0	4.0	3.0	3.0	2.0	2.0	4.0	4.0	5.0	1.0	3.0	3.0	4.0	NA	2.0	NA	1.0	4.0	4.0	1.0	2.0	3.0	1.0	NA	2.0	2.0	NA	5.0	2.0	2.0	NA	1.0	1.0	2.0	1.0	NA	2.0	4.0	NA	0.0	4.0	1.0	3.0	2.0	3.0	4.0	4.0	NA	4.0	1.0	3.0	5.0	1.0	NA	4.0	2.0	3.0	NA	NA	2.0	NA	NA	1.0	1.0	1.0	2.0	3.0	3.0	NA	NA	1.0	1.0	3.0	NA	NA	4.0	3.0	4.0	5.0	7.0	1.0	3.0	3.0	4.0	NA	0.0	7.0	6.0	3.0	4.0	4.0	2.0	5.0	6.0	1.0	NA
total(all)	225.0	168.0	629.0	214.0	199.0	168.0	183.0	216.0	186.0	210.0	213.0	168.0	166.0	216.0	208.0	152.0	212.0	202.0	185.0	172.0	177.0	162.0	189.0	229.0	324.0	135.0	192.0	158.0	204.0	205.0	205.0	201.0	179.0	191.0	169.0	192.0	188.0	205.0	220.0	208.0	183.0	216.0	188.0	188.0	208.0	165.0	197.0	139.0	163.0	172.0	177.0	156.0	194.0	196.0	181.0	201.0	211.0	162.0	196.0	216.0	203.0	187.0	218.0	205.0	220.0	117.0	182.0	160.0	185.0	155.0	176.0	149.0	190.0	185.0	219.0	170.0	180.0	200.0	189.0	142.0	210.0	155.0	123.0	197.0	174.0	196.0	160.0	202.0	191.0	184.0	224.0	129.0	178.0	149.0	179.0	185.0	188.0	181.0	267.0	218.0	211.0	233.0	181.0	142.0	199.0	171.0	187.0	177.0	166.0	172.0	179.0	160.0	154.0	172.0	168.0	157.0	171.0	177.0	162.0	150.0	128.0	172.0	176.0	167.0	177.0	152.0	167.0	147.0	171.0	155.0	177.0	194.0	209.0	193.0	200.0	213.0	209.0	175.0	211.0	182.0	171.0	175.0	313.0	218.0	182.0	204.0	198.0	229.0	187.0	218.0	207.0	160.0
WBT00000661(all)	2.0	2.0	2.0	2.0	2.0	2.0	1.0	2.0	2.0	2.0	2.0	2.0	2.0	2.0	2.0	2.0	2.0	2.0	2.0	2.0	2.0	2.0	2.0	3.0	2.0	1.0	2.0	NA	2.0	2.0	2.0	2.0	2.0	2.0	NA	2.0	2.0	2.0	2.0	2.0	2.0	2.0	2.0	2.0	2.0	2.0	2.0	NA	2.0	2.0	2.0	NA	2.0	2.0	2.0	2.0	2.0	2.0	2.0	2.0	2.0	2.0	2.0	2.0	2.0	NA	2.0	2.0	NA	NA	2.0	2.0	2.0	2.0	2.0	2.0	2.0	2.0	2.0	2.0	2.0	2.0	2.0	1.0	2.0	2.0	2.0	2.0	2.0	NA	2.0	NA	2.0	NA	2.0	2.0	2.0	2.0	2.0	2.0	2.0	2.0	2.0	NA	2.0	NA	2.0	2.0	2.0	NA	2.0	2.0	NA	2.0	2.0	NA	2.0	2.0	2.0	2.0	NA	2.0	NA	2.0	2.0	2.0	2.0	NA	2.0	2.0	2.0	2.0	2.0	2.0	2.0	2.0	2.0	2.0	2.0	NA	NA	2.0	1.0	2.0	2.0	2.0	2.0	2.0	NA	2.0	2.0	2.0
total_unknown(all)	12.0	10.0	10.0	11.0	10.0	12.0	9.0	11.0	10.0	11.0	11.0	9.0	10.0	8.0	11.0	11.0	9.0	11.0	11.0	9.0	9.0	11.0	10.0	11.0	11.0	6.0	10.0	10.0	10.0	12.0	10.0	9.0	13.0	9.0	10.0	11.0	9.0	12.0	12.0	11.0	9.0	11.0	10.0	12.0	10.0	10.0	11.0	9.0	9.0	9.0	10.0	9.0	12.0	10.0	11.0	10.0	14.0	10.0	8.0	11.0	11.0	8.0	10.0	10.0	12.0	8.0	10.0	10.0	9.0	8.0	10.0	10.0	12.0	10.0	9.0	10.0	9.0	12.0	11.0	9.0	10.0	10.0	6.0	9.0	9.0	9.0	9.0	12.0	11.0	8.0	8.0	9.0	12.0	8.0	9.0	12.0	11.0	12.0	10.0	11.0	11.0	8.0	11.0	8.0	10.0	9.0	11.0	10.0	9.0	11.0	10.0	8.0	9.0	10.0	8.0	9.0	10.0	11.0	9.0	8.0	8.0	11.0	10.0	9.0	9.0	9.0	9.0	8.0	10.0	10.0	11.0	11.0	11.0	11.0	10.0	8.0	12.0	10.0	12.0	7.0	9.0	13.0	9.0	9.0	10.0	11.0	8.0	9.0	8.0	11.0	11.0	9.0
WBT00000074(all)	5.0	8.0	8.0	6.0	6.0	5.0	7.0	5.0	6.0	5.0	5.0	NA	NA	7.0	NA	NA	3.0	4.0	NA	NA	NA	NA	NA	4.0	8.0	NA	NA	NA	5.0	6.0	5.0	4.0	6.0	4.0	NA	7.0	7.0	5.0	5.0	6.0	4.0	5.0	7.0	5.0	6.0	NA	5.0	NA	4.0	4.0	4.0	NA	6.0	8.0	6.0	4.0	7.0	NA	3.0	3.0	6.0	6.0	4.0	7.0	5.0	3.0	6.0	7.0	7.0	NA	5.0	5.0	6.0	6.0	6.0	6.0	5.0	6.0	5.0	4.0	8.0	6.0	NA	6.0	NA	4.0	3.0	5.0	4.0	4.0	5.0	NA	4.0	NA	5.0	5.0	6.0	6.0	4.0	4.0	5.0	5.0	6.0	NA	4.0	4.0	6.0	6.0	6.0	4.0	7.0	6.0	NA	NA	3.0	4.0	3.0	4.0	4.0	3.0	6.0	5.0	5.0	NA	4.0	3.0	3.0	NA	5.0	5.0	4.0	7.0	6.0	7.0	NA	5.0	6.0	4.0	5.0	3.0	NA	5.0	3.0	3.0	6.0	5.0	7.0	8.0	5.0	7.0	3.0	6.0
Tc9(all)	1.0	1.0	1.0	1.0	1.0	1.0	2.0	4.0	1.0	1.0	1.0	1.0	1.0	1.0	2.0	1.0	2.0	1.0	1.0	1.0	1.0	1.0	3.0	3.0	1.0	NA	1.0	2.0	1.0	1.0	2.0	1.0	1.0	1.0	1.0	1.0	0.0	2.0	0.0	2.0	2.0	1.0	1.0	2.0	1.0	1.0	1.0	1.0	1.0	1.0	1.0	1.0	2.0	2.0	2.0	1.0	1.0	1.0	0.0	2.0	1.0	1.0	2.0	2.0	1.0	1.0	1.0	1.0	1.0	1.0	1.0	1.0	3.0	1.0	1.0	1.0	1.0	1.0	1.0	1.0	1.0	1.0	1.0	1.0	1.0	1.0	1.0	1.0	2.0	1.0	2.0	1.0	1.0	1.0	1.0	2.0	1.0	2.0	2.0	2.0	1.0	3.0	1.0	1.0	NA	1.0	1.0	1.0	2.0	3.0	1.0	1.0	1.0	1.0	1.0	1.0	1.0	1.0	1.0	1.0	1.0	0.0	2.0	1.0	0.0	1.0	1.0	1.0	1.0	1.0	1.0	1.0	1.0	1.0	1.0	1.0	1.0	0.0	1.0	1.0	1.0	1.0	10.0	1.0	2.0	4.0	1.0	0.0	1.0	2.0	1.0	1.0
Tc6(all)	7.0	6.0	9.0	8.0	6.0	6.0	5.0	6.0	5.0	6.0	6.0	5.0	5.0	6.0	6.0	NA	6.0	5.0	5.0	6.0	5.0	4.0	5.0	NA	8.0	4.0	5.0	5.0	7.0	6.0	6.0	4.0	5.0	4.0	5.0	6.0	5.0	7.0	5.0	5.0	5.0	5.0	5.0	6.0	5.0	5.0	7.0	NA	4.0	5.0	NA	NA	6.0	5.0	5.0	5.0	7.0	7.0	5.0	6.0	7.0	5.0	8.0	5.0	5.0	NA	5.0	6.0	5.0	5.0	5.0	5.0	4.0	7.0	8.0	6.0	5.0	6.0	8.0	5.0	9.0	6.0	NA	7.0	6.0	5.0	6.0	6.0	6.0	6.0	4.0	NA	5.0	7.0	6.0	5.0	8.0	5.0	9.0	7.0	8.0	9.0	7.0	5.0	4.0	5.0	5.0	6.0	6.0	6.0	6.0	3.0	4.0	6.0	4.0	5.0	6.0	5.0	3.0	4.0	3.0	5.0	5.0	4.0	5.0	4.0	5.0	NA	NA	NA	5.0	7.0	7.0	5.0	5.0	5.0	8.0	5.0	6.0	5.0	5.0	6.0	9.0	6.0	5.0	3.0	6.0	7.0	NA	6.0	6.0	6.0
MARINCE1(all)	10.0	10.0	13.0	12.0	9.0	12.0	11.0	11.0	9.0	10.0	8.0	NA	6.0	7.0	10.0	NA	11.0	10.0	9.0	9.0	8.0	8.0	8.0	11.0	NA	15.0	9.0	NA	13.0	10.0	8.0	10.0	10.0	10.0	NA	11.0	11.0	11.0	9.0	9.0	8.0	11.0	11.0	11.0	11.0	NA	11.0	9.0	10.0	10.0	8.0	NA	9.0	11.0	11.0	9.0	9.0	NA	7.0	10.0	9.0	11.0	14.0	7.0	11.0	NA	8.0	10.0	11.0	10.0	9.0	11.0	10.0	9.0	9.0	9.0	9.0	8.0	10.0	10.0	13.0	NA	NA	10.0	12.0	11.0	10.0	10.0	9.0	12.0	12.0	NA	10.0	10.0	11.0	10.0	10.0	9.0	12.0	9.0	9.0	11.0	10.0	NA	11.0	NA	11.0	12.0	NA	10.0	11.0	9.0	8.0	12.0	11.0	8.0	12.0	10.0	11.0	9.0	NA	10.0	9.0	9.0	8.0	NA	10.0	9.0	9.0	9.0	12.0	11.0	11.0	10.0	10.0	10.0	11.0	10.0	9.0	11.0	12.0	10.0	10.0	10.0	9.0	11.0	8.0	8.0	NA	10.0	10.0	NA
Tc5(all)	6.0	4.0	30.0	7.0	5.0	4.0	5.0	9.0	5.0	6.0	4.0	5.0	NA	6.0	5.0	4.0	5.0	6.0	7.0	6.0	9.0	5.0	3.0	8.0	4.0	NA	6.0	4.0	8.0	5.0	4.0	5.0	4.0	4.0	2.0	5.0	5.0	6.0	8.0	7.0	10.0	5.0	8.0	4.0	7.0	7.0	6.0	4.0	4.0	5.0	4.0	NA	6.0	5.0	3.0	5.0	6.0	NA	4.0	6.0	4.0	5.0	8.0	6.0	6.0	3.0	4.0	3.0	3.0	5.0	9.0	3.0	3.0	6.0	4.0	4.0	5.0	3.0	6.0	2.0	4.0	4.0	NA	5.0	6.0	5.0	3.0	6.0	4.0	5.0	7.0	NA	5.0	4.0	4.0	3.0	5.0	4.0	6.0	5.0	4.0	3.0	5.0	3.0	9.0	5.0	2.0	3.0	3.0	8.0	4.0	5.0	6.0	3.0	7.0	7.0	3.0	5.0	4.0	6.0	4.0	7.0	5.0	5.0	6.0	6.0	6.0	5.0	3.0	4.0	NA	5.0	5.0	6.0	8.0	3.0	4.0	6.0	7.0	3.0	3.0	5.0	5.0	4.0	6.0	5.0	3.0	6.0	4.0	7.0	8.0	4.0
Tc3(all)	15.0	6.0	11.0	18.0	10.0	9.0	12.0	13.0	8.0	13.0	8.0	8.0	7.0	15.0	10.0	6.0	19.0	12.0	6.0	9.0	11.0	3.0	8.0	10.0	NA	8.0	10.0	7.0	18.0	16.0	16.0	12.0	10.0	11.0	15.0	13.0	17.0	11.0	12.0	12.0	11.0	13.0	11.0	9.0	18.0	5.0	13.0	NA	4.0	3.0	NA	NA	6.0	11.0	8.0	12.0	8.0	NA	7.0	12.0	11.0	9.0	16.0	5.0	16.0	5.0	14.0	5.0	7.0	7.0	8.0	11.0	11.0	9.0	7.0	7.0	9.0	8.0	9.0	2.0	11.0	2.0	NA	14.0	7.0	10.0	7.0	17.0	15.0	11.0	19.0	NA	9.0	NA	10.0	12.0	7.0	10.0	15.0	11.0	16.0	16.0	7.0	NA	19.0	9.0	10.0	NA	8.0	8.0	5.0	13.0	4.0	8.0	13.0	8.0	9.0	7.0	12.0	11.0	6.0	NA	8.0	12.0	6.0	7.0	6.0	NA	9.0	4.0	5.0	12.0	11.0	11.0	13.0	19.0	11.0	6.0	13.0	14.0	6.0	7.0	11.0	13.0	11.0	15.0	14.0	15.0	11.0	11.0	14.0	8.0
MAR(all)	3.0	NA	2.0	4.0	2.0	1.0	1.0	2.0	1.0	3.0	4.0	1.0	1.0	3.0	1.0	1.0	5.0	3.0	1.0	1.0	1.0	NA	1.0	3.0	1.0	1.0	1.0	2.0	2.0	3.0	4.0	5.0	1.0	4.0	2.0	1.0	1.0	2.0	1.0	2.0	1.0	4.0	3.0	2.0	1.0	1.0	3.0	NA	2.0	1.0	2.0	1.0	3.0	1.0	1.0	2.0	3.0	1.0	3.0	2.0	2.0	1.0	2.0	2.0	2.0	0.0	1.0	1.0	1.0	0.0	1.0	1.0	1.0	1.0	3.0	2.0	1.0	1.0	1.0	1.0	2.0	1.0	1.0	3.0	1.0	2.0	1.0	2.0	0.0	1.0	4.0	1.0	1.0	NA	3.0	2.0	4.0	1.0	2.0	2.0	4.0	0.0	1.0	NA	1.0	1.0	2.0	1.0	2.0	1.0	NA	NA	NA	NA	2.0	NA	NA	2.0	1.0	NA	1.0	NA	1.0	1.0	1.0	NA	1.0	1.0	NA	1.0	NA	2.0	3.0	1.0	2.0	1.0	3.0	1.0	3.0	1.0	1.0	1.0	8.0	5.0	2.0	3.0	3.0	3.0	2.0	5.0	0.0	1.0
Tc1(all)	22.0	18.0	398.0	24.0	23.0	18.0	21.0	29.0	23.0	25.0	25.0	18.0	20.0	20.0	25.0	17.0	25.0	24.0	24.0	17.0	NA	19.0	19.0	26.0	171.0	8.0	25.0	19.0	24.0	22.0	22.0	20.0	21.0	19.0	18.0	20.0	18.0	24.0	22.0	18.0	18.0	25.0	20.0	21.0	21.0	21.0	23.0	NA	21.0	NA	NA	NA	22.0	24.0	20.0	22.0	24.0	22.0	23.0	24.0	23.0	22.0	25.0	20.0	25.0	10.0	22.0	NA	20.0	17.0	19.0	15.0	20.0	20.0	24.0	19.0	22.0	29.0	21.0	NA	25.0	17.0	NA	21.0	19.0	18.0	18.0	22.0	19.0	23.0	17.0	NA	21.0	17.0	17.0	20.0	24.0	19.0	28.0	28.0	21.0	25.0	23.0	NA	14.0	20.0	23.0	20.0	18.0	18.0	20.0	19.0	17.0	22.0	16.0	16.0	17.0	20.0	14.0	18.0	16.0	18.0	20.0	18.0	20.0	15.0	16.0	17.0	16.0	18.0	20.0	25.0	22.0	22.0	26.0	30.0	22.0	18.0	23.0	25.0	23.0	16.0	21.0	26.0	20.0	21.0	20.0	21.0	18.0	22.0	24.0	NA
total_retrotransposon(all)	16.0	12.0	14.0	14.0	18.0	9.0	14.0	16.0	13.0	17.0	20.0	14.0	15.0	17.0	22.0	14.0	16.0	16.0	17.0	15.0	15.0	11.0	14.0	25.0	13.0	17.0	16.0	12.0	14.0	16.0	14.0	15.0	11.0	14.0	10.0	12.0	13.0	18.0	19.0	15.0	16.0	17.0	11.0	15.0	18.0	15.0	13.0	12.0	13.0	18.0	12.0	13.0	14.0	15.0	14.0	19.0	15.0	13.0	17.0	17.0	15.0	10.0	15.0	20.0	17.0	14.0	14.0	10.0	18.0	19.0	16.0	15.0	13.0	14.0	16.0	11.0	15.0	20.0	13.0	16.0	13.0	15.0	10.0	15.0	10.0	13.0	15.0	16.0	18.0	16.0	21.0	17.0	12.0	11.0	11.0	15.0	12.0	17.0	27.0	20.0	14.0	20.0	12.0	10.0	15.0	15.0	18.0	18.0	10.0	19.0	20.0	15.0	12.0	13.0	15.0	17.0	14.0	18.0	15.0	14.0	11.0	12.0	11.0	11.0	16.0	14.0	14.0	12.0	18.0	11.0	14.0	12.0	17.0	12.0	17.0	14.0	21.0	16.0	19.0	16.0	14.0	12.0	34.0	18.0	14.0	20.0	20.0	21.0	18.0	14.0	15.0	15.0
Tc4v(all)	9.0	6.0	12.0	9.0	6.0	NA	7.0	6.0	6.0	8.0	7.0	NA	6.0	7.0	8.0	NA	4.0	7.0	NA	7.0	8.0	6.0	6.0	7.0	NA	9.0	7.0	4.0	7.0	10.0	6.0	6.0	6.0	6.0	7.0	8.0	8.0	9.0	10.0	10.0	8.0	8.0	5.0	7.0	7.0	6.0	7.0	NA	6.0	NA	7.0	NA	8.0	8.0	7.0	6.0	11.0	NA	8.0	6.0	6.0	11.0	10.0	9.0	9.0	6.0	4.0	6.0	9.0	6.0	6.0	4.0	7.0	9.0	6.0	5.0	6.0	7.0	7.0	7.0	8.0	NA	NA	6.0	7.0	11.0	NA	7.0	6.0	6.0	6.0	6.0	4.0	NA	7.0	6.0	8.0	7.0	NA	7.0	7.0	NA	8.0	NA	11.0	7.0	5.0	9.0	5.0	NA	9.0	6.0	NA	7.0	5.0	5.0	7.0	6.0	4.0	4.0	4.0	9.0	7.0	8.0	6.0	5.0	5.0	4.0	6.0	6.0	9.0	7.0	10.0	8.0	5.0	6.0	7.0	9.0	9.0	10.0	7.0	9.0	25.0	9.0	7.0	NA	8.0	8.0	7.0	9.0	10.0	NA
WBT00000746(all)	3.0	3.0	3.0	3.0	3.0	3.0	3.0	3.0	3.0	3.0	3.0	3.0	3.0	2.0	3.0	3.0	3.0	3.0	3.0	3.0	3.0	3.0	NA	3.0	3.0	3.0	3.0	3.0	3.0	3.0	3.0	NA	3.0	NA	3.0	3.0	3.0	3.0	4.0	3.0	3.0	3.0	3.0	3.0	3.0	3.0	3.0	3.0	3.0	3.0	3.0	3.0	4.0	3.0	3.0	3.0	4.0	3.0	3.0	3.0	3.0	3.0	3.0	3.0	3.0	2.0	3.0	3.0	3.0	2.0	3.0	3.0	4.0	3.0	3.0	3.0	3.0	3.0	3.0	3.0	3.0	3.0	3.0	3.0	3.0	3.0	3.0	3.0	2.0	3.0	2.0	NA	3.0	3.0	3.0	4.0	3.0	4.0	3.0	3.0	3.0	3.0	3.0	3.0	3.0	3.0	3.0	3.0	3.0	3.0	3.0	3.0	3.0	3.0	3.0	2.0	3.0	3.0	3.0	3.0	2.0	4.0	3.0	4.0	3.0	3.0	3.0	3.0	3.0	3.0	3.0	3.0	4.0	3.0	3.0	3.0	3.0	3.0	3.0	3.0	3.0	3.0	3.0	NA	3.0	3.0	NA	NA	3.0	3.0	3.0	3.0
CEMUDR1(all)	1.0	1.0	2.0	1.0	1.0	1.0	1.0	2.0	3.0	1.0	1.0	1.0	1.0	1.0	1.0	1.0	1.0	1.0	1.0	1.0	1.0	1.0	1.0	1.0	2.0	2.0	1.0	1.0	1.0	1.0	1.0	1.0	1.0	1.0	1.0	1.0	1.0	1.0	1.0	1.0	1.0	1.0	1.0	1.0	1.0	1.0	1.0	NA	1.0	1.0	1.0	1.0	1.0	1.0	1.0	2.0	1.0	1.0	1.0	1.0	1.0	2.0	2.0	1.0	1.0	1.0	1.0	1.0	1.0	1.0	1.0	2.0	2.0	1.0	1.0	1.0	1.0	1.0	1.0	1.0	1.0	1.0	1.0	1.0	1.0	1.0	1.0	1.0	1.0	1.0	1.0	1.0	1.0	1.0	1.0	1.0	1.0	2.0	1.0	1.0	1.0	2.0	1.0	1.0	0.0	1.0	1.0	1.0	1.0	1.0	1.0	1.0	1.0	1.0	1.0	1.0	2.0	1.0	2.0	2.0	2.0	1.0	1.0	1.0	1.0	1.0	1.0	1.0	1.0	1.0	1.0	1.0	1.0	1.0	1.0	1.0	1.0	1.0	1.0	1.0	1.0	2.0	1.0	1.0	1.0	1.0	1.0	4.0	2.0	1.0	1.0	1.0
WBT00000416(all)	1.0	1.0	2.0	1.0	1.0	1.0	1.0	0.0	1.0	1.0	1.0	2.0	1.0	1.0	1.0	1.0	2.0	1.0	NA	1.0	1.0	0.0	1.0	3.0	1.0	1.0	1.0	2.0	1.0	2.0	2.0	1.0	1.0	1.0	1.0	1.0	0.0	1.0	0.0	0.0	1.0	1.0	1.0	1.0	1.0	0.0	1.0	0.0	0.0	2.0	0.0	NA	0.0	2.0	1.0	2.0	1.0	1.0	1.0	2.0	1.0	1.0	1.0	1.0	1.0	0.0	1.0	1.0	1.0	0.0	1.0	0.0	1.0	1.0	2.0	2.0	2.0	1.0	2.0	1.0	1.0	2.0	1.0	1.0	1.0	1.0	1.0	1.0	1.0	1.0	0.0	1.0	1.0	1.0	1.0	1.0	1.0	0.0	4.0	1.0	1.0	3.0	1.0	1.0	1.0	1.0	0.0	1.0	1.0	0.0	1.0	1.0	1.0	1.0	0.0	0.0	1.0	1.0	0.0	1.0	1.0	1.0	1.0	0.0	1.0	0.0	1.0	1.0	1.0	1.0	1.0	1.0	1.0	1.0	1.0	2.0	1.0	0.0	1.0	2.0	2.0	0.0	3.0	1.0	1.0	2.0	3.0	2.0	2.0	1.0	2.0	1.0
